13 0.6653671875 0.5090833333333333 0.063546875 0.22355555555555556
13 0.282703125 0.6860833333333334 0.0919765625 0.2720138888888889
14 0.2798125 0.7248888888888888 0.0580546875 0.2884861111111111
14 0.41178125000000004 0.5892499999999999 0.048562499999999995 0.3088888888888889
14 0.468125 0.5630833333333334 0.06999999999999999 0.214875
14 0.5216406250000001 0.6233888888888889 0.10202343750000001 0.27718055555555554
15 0.864484375 0.8828472222222222 0.0477265625 0.04052777777777778
13 0.9807265624999999 0.5064305555555555 0.038546875 0.22769444444444445
2 0.4728359375 0.37800000000000006 0.013492187499999999 0.018666666666666665
6 0.34207031250000003 0.5615138888888889 0.0083515625 0.014291666666666666
7 0.189703125 0.7776111111111111 0.0106484375 0.018847222222222224
4 0.76253125 0.6460694444444445 0.013632812499999999 0.014597222222222222
5 0.6558125 0.8785138888888888 0.017015625 0.02086111111111111