14 0.3754609375 0.47881944444444446 0.04825 0.32687499999999997
14 0.47846093749999996 0.4571805555555556 0.0918828125 0.3025138888888889
14 0.542734375 0.5486527777777778 0.0598515625 0.22680555555555557
14 0.5298046875 0.838625 0.067703125 0.2956944444444444
14 0.7793515625 0.6884583333333333 0.044234375 0.2698055555555555
12 0.265 0.3528888888888889 0.0384765625 0.21537499999999998
12 0.40625 0.9289861111111111 0.060140625 0.14202777777777778
13 0.7706328124999999 0.3321527777777778 0.072921875 0.21965277777777778
13 0.8215937500000001 0.9151111111111111 0.0520859375 0.16699999999999998
15 0.8656328125 0.8841388888888889 0.0428984375 0.03184722222222222
13 0.39734375 0.592486111111111 0.05475 0.24979166666666666
13 0.266375 0.5698888888888889 0.125515625 0.13991666666666666
10 0.9836171874999999 0.45951388888888894 0.0080390625 0.013736111111111112
4 0.71196875 0.5900138888888888 0.009875 0.017875
5 0.6126875 0.813236111111111 0.01009375 0.01801388888888889
6 0.3142734375 0.5141527777777778 0.007117187499999999 0.012763888888888889
7 0.168109375 0.7221805555555556 0.0072968749999999995 0.014444444444444446
1 0.0028203125 0.9589583333333334 0.0056328125 0.02073611111111111
0 0.41791406249999996 0.36652777777777773 0.007359375 0.011750000000000002