15 0.8652265625 0.88575 0.04578125 0.03686111111111111
13 0.5970703125 0.8245833333333334 0.125953125 0.33879166666666666
13 0.7174765625 0.2521805555555555 0.048578125 0.23690277777777777
13 0.516125 0.5398194444444445 0.06349218749999999 0.27176388888888886
14 0.27902343749999997 0.46538888888888885 0.0637265625 0.25422222222222224
14 0.253109375 0.6448472222222222 0.056125 0.31263888888888886
14 0.5003046875 0.582875 0.0773046875 0.31243055555555554
14 0.77846875 0.30745833333333333 0.112328125 0.2161388888888889
12 0.30567968749999996 0.24931944444444443 0.0445859375 0.2690416666666667
13 0.937859375 0.8654722222222222 0.1242890625 0.2690416666666667
4 0.7616562499999999 0.5652083333333333 0.0070234375 0.013736111111111112
5 0.647328125 0.8186666666666668 0.0066484375 0.011402777777777779
6 0.30246093749999997 0.47538888888888886 0.006125 0.010333333333333333
7 0.1344921875 0.7126944444444444 0.0074140625000000005 0.011624999999999998
0 0.42214843750000003 0.3057638888888889 0.005203125 0.010208333333333333
2 0.44528125 0.2730416666666667 0.005953125 0.010305555555555556