13 0.5998828125 0.36216666666666664 0.037421875 0.23447222222222222
14 0.557796875 0.39861111111111114 0.0426640625 0.19361111111111112
14 0.4663984375 0.6031111111111112 0.0821640625 0.21473611111111113
13 0.4515625 0.6339027777777778 0.0492109375 0.26755555555555555
14 0.6292109375 0.5853055555555555 0.0722890625 0.22138888888888889
14 0.40061718749999997 0.665 0.08759375 0.24808333333333335
14 0.842765625 0.4735138888888889 0.0474296875 0.19466666666666665
13 0.3735234375 0.8842222222222222 0.0662109375 0.23155555555555554
13 0.7534765625000001 0.8638055555555556 0.0566953125 0.25487499999999996
13 0.9740781249999999 0.5440972222222222 0.039359375 0.2250277777777778
12 0.984171875 0.4154722222222222 0.0316640625 0.21131944444444445
12 0.383328125 0.38745833333333335 0.04153125 0.17131944444444444
12 0.5024921875 0.9436527777777777 0.0477109375 0.11270833333333334
4 0.713546875 0.6414861111111111 0.008828125000000001 0.01586111111111111
5 0.6267343750000001 0.8345694444444445 0.007421875 0.015583333333333334
6 0.3669375 0.5701805555555555 0.007109374999999999 0.01325
7 0.24030468749999997 0.7502083333333333 0.008125 0.01165277777777778
2 0.4747734375 0.4174583333333333 0.007046874999999999 0.012569444444444446
0 0.45695312499999996 0.44166666666666665 0.0075 0.011416666666666667
1 0.0955546875 0.9542083333333333 0.0090078125 0.012791666666666668
15 0.8647578125000001 0.8865277777777777 0.041390625 0.034916666666666665
10 0.952328125 0.5283611111111112 0.0065390625 0.011263888888888888