13 0.4328984375 0.31669444444444445 0.042609375 0.21341666666666667
14 0.41871093750000005 0.3726388888888889 0.05630468749999999 0.2006388888888889
14 0.49771875000000004 0.39715277777777774 0.05304687500000001 0.19981944444444444
12 0.6969140625 0.25304166666666666 0.030046875 0.172125
13 0.789453125 0.3345138888888889 0.04121875 0.19544444444444445
14 0.8414921874999999 0.49475 0.0464296875 0.22049999999999997
14 0.36779687499999997 0.6087638888888889 0.055445312499999996 0.24781944444444445
14 0.1154375 0.7123333333333334 0.0604921875 0.2567638888888889
12 0.024984375 0.6337916666666666 0.03384375 0.24302777777777776
13 0.24520312500000002 0.7568888888888889 0.057078125 0.22745833333333335
15 0.8661562500000001 0.8863194444444444 0.041765625 0.03756944444444445
11 0.6858593749999999 0.9249027777777777 0.0107421875 0.01875
10 0.866609375 0.38490277777777776 0.0083203125 0.014499999999999999
4 0.649890625 0.49404166666666666 0.0089140625 0.017138888888888888
5 0.5715546875 0.6734027777777778 0.0078984375 0.014361111111111111
6 0.32996875000000003 0.43440277777777775 0.00784375 0.012527777777777777
7 0.21311718750000003 0.600736111111111 0.0090390625 0.01363888888888889
1 0.081078125 0.7874722222222222 0.0093046875 0.018125000000000002