14 0.25921875 0.7027916666666667 0.06687499999999999 0.3248472222222222
14 0.3588125 0.4759583333333333 0.09419531249999999 0.27675
14 0.47585156250000005 0.5985138888888889 0.070453125 0.3190972222222222
14 0.6474921874999999 0.32958333333333334 0.09341406249999999 0.20623611111111112
13 0.3771796875 0.5115694444444444 0.1074765625 0.28130555555555553
13 0.3784609375 0.8610972222222222 0.0975546875 0.27479166666666666
13 0.778265625 0.8992500000000001 0.06278125 0.2010972222222222
15 0.8682109375 0.884888888888889 0.052046875000000006 0.03905555555555556
12 0.27996875 0.27231944444444445 0.0474375 0.25281944444444443
12 0.48697656250000004 0.951375 0.0614453125 0.0942361111111111
13 0.6591171874999999 0.25019444444444444 0.051039062499999996 0.24743055555555557
2 0.428234375 0.2954583333333333 0.012718750000000001 0.01576388888888889
6 0.2865859375 0.5001249999999999 0.010671875 0.01675
7 0.11688281250000002 0.7390416666666667 0.010320312500000001 0.022361111111111113
4 0.7434062499999999 0.5875555555555556 0.013367187499999999 0.022180555555555558
5 0.627953125 0.839388888888889 0.011882812500000001 0.020277777777777777