12 0.9548593750000001 0.2894861111111111 0.047984375 0.19920833333333335
12 0.2677890625 0.25193055555555555 0.0379140625 0.19419444444444445
12 0.4090859375 0.8574166666666667 0.051953125 0.264625
13 0.133953125 0.7634444444444444 0.08353906250000001 0.2898472222222222
13 0.3899453125 0.2993611111111111 0.05842968750000001 0.16116666666666668
13 0.52 0.3454027777777778 0.056921875 0.18599999999999997
13 0.4998125 0.4823194444444444 0.057578125 0.2410138888888889
13 0.7601640625 0.4086944444444444 0.0470390625 0.22922222222222222
14 0.6429140624999999 0.5021527777777778 0.07309375 0.22856944444444444
14 0.46441406250000006 0.3101388888888889 0.058710937500000004 0.1779722222222222
14 0.43776562500000005 0.4758194444444444 0.0991875 0.2260972222222222
14 0.509875 0.4282361111111111 0.11659375000000001 0.21622222222222223
14 0.33125 0.58625 0.054007812499999995 0.2622638888888889
10 0.8848359374999999 0.37943055555555555 0.00425 0.007819444444444445
15 0.8649296874999999 0.8849305555555556 0.0401484375 0.03894444444444444
11 0.6821171875 0.9920833333333333 0.0069453125 0.01152777777777778
5 0.5517734375 0.7061388888888889 0.0049453125 0.00988888888888889
6 0.276515625 0.4358055555555555 0.0049140625 0.007222222222222223
0 0.37224218750000004 0.3002222222222222 0.004328125 0.007402777777777778
2 0.3886484375 0.27475 0.0041953125 0.007500000000000001