13 0.7671875 0.5833333333333334 0.053125 0.225
13 0.053125 0.5555555555555556 0.0421875 0.21666666666666667
13 0.240625 0.3416666666666667 0.0453125 0.16944444444444445
13 0.575 0.25277777777777777 0.0375 0.16111111111111112
13 0.8578125 0.6666666666666666 0.05 0.12222222222222222
12 0.575 0.7833333333333333 0.05 0.20833333333333334
12 0.040625 0.3472222222222222 0.0453125 0.16944444444444445
12 0.753125 0.32222222222222224 0.0296875 0.16111111111111112
14 0.55625 0.575 0.040625 0.23055555555555557
14 0.678125 0.5138888888888888 0.040625 0.2
14 0.6109375 0.32222222222222224 0.0484375 0.18333333333333332
14 0.3265625 0.38333333333333336 0.0375 0.16666666666666666
14 0.1359375 0.55 0.0546875 0.19166666666666668
4 0.4953125 0.6527777777777778 0.0203125 0.027777777777777776
5 0.434375 0.4888888888888889 0.028125 0.03888888888888889
6 0.828125 0.6055555555555555 0.021875 0.03888888888888889
7 0.7328125 0.4444444444444444 0.0203125 0.027777777777777776
1 0.665625 0.3333333333333333 0.0171875 0.025
3 0.6484375 0.30833333333333335 0.015625 0.025
15 0.865625 0.8833333333333333 0.0453125 0.03888888888888889