14 0.3645234375 0.5336666666666667 0.05786718749999999 0.3229166666666667
13 0.3075234375 0.48144444444444445 0.06740625 0.2868472222222222
14 0.3456328125 0.6320555555555555 0.10297656250000001 0.30477777777777776
13 0.48246093749999996 0.5214305555555556 0.1380703125 0.4040138888888889
14 0.5865781250000001 0.52125 0.0483828125 0.3441666666666667
14 0.706859375 0.4484166666666667 0.0708984375 0.27908333333333335
14 0.6645390625 0.8703194444444444 0.08665625 0.25934722222222223
13 0.8517421875 0.31629166666666664 0.06059375 0.2834861111111111
12 0.9540468750000001 0.29068055555555555 0.06127343750000001 0.2793472222222222
13 0.973546875 0.8744722222222222 0.052914062500000004 0.25105555555555553
15 0.86425 0.8853472222222223 0.041953125 0.03968055555555556
4 0.844140625 0.6641111111111111 0.012640624999999999 0.022569444444444444
5 0.723265625 0.9263333333333333 0.011414062499999999 0.021847222222222223
7 0.1980859375 0.8049027777777777 0.0119453125 0.02026388888888889
2 0.5160625 0.35591666666666666 0.0091015625 0.016374999999999997
0 0.4920703125 0.3909861111111111 0.011601562499999999 0.017958333333333333