15 0.8644453125 0.8831388888888889 0.041390625 0.03416666666666667
14 0.6965390625000001 0.8844166666666666 0.05925781249999999 0.23116666666666666
13 0.5885546875000001 0.8824027777777779 0.07671093749999999 0.23518055555555556
13 0.3539921875 0.3731666666666667 0.0473046875 0.17604166666666668
13 0.40149999999999997 0.5512222222222222 0.061375 0.2728472222222222
13 0.5821328125 0.37522222222222223 0.045632812499999995 0.18143055555555554
12 0.2797890625 0.3419027777777778 0.0462109375 0.19518055555555555
12 0.353703125 0.8807916666666666 0.047453125 0.23841666666666667
12 0.9437421875 0.33106944444444447 0.044 0.21888888888888888
14 0.4322109375 0.43418055555555557 0.046953125 0.2060138888888889
14 0.46032812500000003 0.4720833333333333 0.08785156250000001 0.22506944444444446
14 0.3726484375 0.5071666666666667 0.043046875 0.2132777777777778
1 0.0021874999999999998 0.9065277777777778 0.0043749999999999995 0.01634722222222222
0 0.3816953125 0.36475 0.0049296875 0.009444444444444445
2 0.3998828125 0.3393888888888889 0.0053671875 0.008638888888888889
14 0.7948828125 0.509263888888889 0.0552421875 0.24080555555555555
10 0.890265625 0.44581944444444443 0.0045546875 0.009194444444444444
4 0.6492578124999999 0.5660972222222221 0.005828125 0.010138888888888888
5 0.5596015624999999 0.7681666666666668 0.00621875 0.00963888888888889
6 0.2882265625 0.5005000000000001 0.005546875 0.008083333333333333
7 0.154890625 0.6901805555555556 0.0062421875 0.010041666666666667