13 0.1578203125 0.7838333333333334 0.058109375 0.28761111111111115
14 0.22760937499999997 0.6509444444444444 0.0502109375 0.24437499999999998
14 0.30963281249999997 0.5900694444444444 0.050960937500000004 0.23770833333333335
13 0.3178046875 0.6488333333333334 0.0579453125 0.25931944444444444
14 0.388046875 0.482375 0.0581640625 0.20902777777777778
13 0.43696875 0.539138888888889 0.09125781250000001 0.2573472222222222
13 0.6903203125 0.30130555555555555 0.0404375 0.22161111111111112
14 0.599046875 0.34055555555555556 0.0514140625 0.25280555555555556
14 0.616484375 0.529 0.064703125 0.20765277777777777
12 0.9138046875000001 0.3614166666666667 0.04428125 0.19347222222222224
13 0.8825546875000001 0.6466527777777777 0.054445312499999995 0.162875
15 0.8639765625000001 0.8875694444444444 0.041023437499999996 0.035958333333333335
12 0.381734375 0.8941944444444445 0.0476875 0.211625
12 0.2526796875 0.32334722222222223 0.0420859375 0.18895833333333334
1 0.0020703125 0.8788194444444445 0.004148437499999999 0.011708333333333333
2 0.3783125 0.33870833333333333 0.00415625 0.007222222222222223
0 0.361 0.36441666666666667 0.0043046874999999995 0.006958333333333333
10 0.8393750000000001 0.4372916666666667 0.004390625 0.007388888888888889
5 0.5304140625 0.7438611111111112 0.004875 0.008805555555555556
6 0.27258593750000004 0.4919027777777778 0.0044921875 0.007569444444444445
7 0.14737499999999998 0.6718333333333334 0.005578125 0.00938888888888889