1 0.0701015625 0.7045833333333333 0.0046796875 0.00813888888888889
7 0.1886796875 0.5358333333333334 0.004578125000000001 0.0077222222222222215
14 0.3038046875 0.3515138888888889 0.07907031249999999 0.1830277777777778
6 0.29188281250000003 0.3872361111111111 0.0036796875 0.0060416666666666665
5 0.50865625 0.5956111111111111 0.0046171875 0.007930555555555555
4 0.5785546874999999 0.43640277777777775 0.00459375 0.0072499999999999995
0 0.3656484375 0.2796388888888889 0.00390625 0.006375
2 0.3797890625 0.25863888888888886 0.004015625 0.006875
10 0.7663359375 0.33820833333333333 0.00384375 0.006430555555555556
12 0.8670546874999999 0.26290277777777776 0.030328125 0.17304166666666668
13 0.6937890624999999 0.45248611111111114 0.067234375 0.17836111111111108
14 0.6952812500000001 0.5103055555555556 0.065078125 0.19209722222222222
13 0.7309453125 0.5160416666666667 0.0648671875 0.20780555555555555
14 0.5932578125 0.4328888888888889 0.0333984375 0.19329166666666664
14 0.54475 0.32334722222222223 0.0486484375 0.16955555555555554
13 0.4719375 0.21543055555555557 0.031101562500000002 0.15331944444444445
13 0.24655468749999998 0.35961111111111116 0.0359375 0.20045833333333335
13 0.171765625 0.6581527777777778 0.0458359375 0.20233333333333334
12 0.42898437500000003 0.7260833333333333 0.041749999999999995 0.21545833333333334
14 0.3861015625 0.5422083333333333 0.048484375 0.18469444444444444
12 0.2718671875 0.254625 0.0271796875 0.148
15 0.8633984375000001 0.8876805555555556 0.047328125 0.033888888888888885