15 0.8662734375 0.8844583333333332 0.042203125 0.03680555555555556
12 0.352484375 0.2821111111111111 0.041609375 0.20080555555555557
14 0.280171875 0.4593888888888889 0.1015390625 0.23716666666666666
13 0.3653828125 0.5223611111111112 0.058890624999999995 0.26969444444444446
13 0.395359375 0.7031666666666666 0.10889843749999999 0.27523611111111107
14 0.571546875 0.5073611111111112 0.083421875 0.27
14 0.5045390624999999 0.6576111111111111 0.06589062500000001 0.31290277777777775
14 0.72334375 0.3695833333333334 0.0645859375 0.23684722222222224
14 0.7929999999999999 0.4691527777777778 0.059 0.2516527777777778
12 0.6043515625 0.9405972222222222 0.059546875 0.11879166666666667
13 0.9128281250000001 0.844125 0.0458203125 0.31175
4 0.7348984375 0.5655 0.01240625 0.022625
5 0.6329687500000001 0.7922222222222222 0.0118515625 0.021125
6 0.3271015625 0.4847777777777778 0.009804687500000001 0.017583333333333333
7 0.17835937500000001 0.6971388888888889 0.0104609375 0.02025
2 0.45455468750000005 0.30388888888888893 0.0091640625 0.014777777777777779
0 0.4333984375 0.3347638888888889 0.0102265625 0.019027777777777775
1 0.006140625 0.9380000000000001 0.0114609375 0.019902777777777776