13 0.576171875 0.26458333333333334 0.05546875 0.18194444444444444
13 0.69140625 0.2638888888888889 0.0765625 0.17777777777777778
13 0.68203125 0.38263888888888886 0.08125 0.2013888888888889
13 0.88515625 0.5902777777777778 0.0890625 0.21666666666666667
13 0.828125 0.6416666666666667 0.0796875 0.175
14 0.05546875 0.3861111111111111 0.08125 0.20833333333333334
14 0.314453125 0.27569444444444446 0.06953125 0.18472222222222223
14 0.253515625 0.56875 0.05546875 0.24027777777777778
14 0.5625 0.5541666666666667 0.0625 0.22777777777777777
14 0.793359375 0.4895833333333333 0.06171875 0.19305555555555556
12 0.685546875 0.8395833333333333 0.07421875 0.22083333333333333
12 0.106640625 0.25277777777777777 0.04921875 0.16111111111111112
12 0.96640625 0.2548611111111111 0.0671875 0.19305555555555556
5 0.8170703125 0.4547222222222222 0.0105546875 0.01598611111111111
11 0.61403125 0.3192638888888889 0.0110625 0.01638888888888889
4 0.8855703125 0.6543055555555556 0.0121640625 0.020583333333333335