13 0.100609375 0.6807361111111111 0.059039062499999996 0.2696388888888889
13 0.41460937500000006 0.7108749999999999 0.06203125 0.23548611111111112
13 0.4414296875 0.18333333333333332 0.042226562499999995 0.17206944444444444
13 0.8031796874999999 0.2403888888888889 0.0438515625 0.1834027777777778
13 0.906421875 0.5238333333333334 0.07121875 0.22543055555555555
14 0.6061484375 0.5902777777777778 0.0466640625 0.2415
14 0.7315234375 0.3365277777777778 0.047421875 0.19234722222222222
14 0.7910703125 0.49940277777777775 0.0680703125 0.195875
14 0.418375 0.27090277777777777 0.0383125 0.21386111111111109
14 0.27903125 0.5318333333333334 0.0596171875 0.23294444444444445
10 0.8514375 0.33384722222222224 0.0146796875 0.02425
2 0.39339843750000003 0.23677777777777775 0.011796875 0.02338888888888889
0 0.3774453125 0.2637361111111111 0.0142734375 0.021736111111111112
1 0.0240625 0.7633055555555556 0.010624999999999999 0.020888888888888887
4 0.6267343750000001 0.45229166666666665 0.012843750000000001 0.018319444444444444
5 0.5433828125 0.6374722222222222 0.0133359375 0.016444444444444446
6 0.28959375 0.39033333333333337 0.0120078125 0.01940277777777778
7 0.1668359375 0.566 0.013359375000000001 0.023500000000000004
12 0.378578125 0.8010138888888889 0.075265625 0.2407638888888889
12 0.25094531249999996 0.24775 0.037828125000000004 0.1869861111111111
12 0.9493750000000001 0.24072222222222223 0.045625 0.20627777777777778
15 0.8632890625 0.8869722222222223 0.0515859375 0.03488888888888889
11 0.6631875 0.9012638888888889 0.011625 0.02126388888888889