12 0.9292734375 0.30268055555555556 0.0525390625 0.2192361111111111
12 0.2679921875 0.319875 0.048 0.18459722222222222
12 0.3460625 0.8825277777777777 0.058304687499999994 0.23495833333333332
13 0.5541406249999999 0.8435833333333334 0.048359374999999996 0.27216666666666667
13 0.395453125 0.5274583333333334 0.0601484375 0.25579166666666664
13 0.3874296875 0.2981111111111111 0.040734375 0.18279166666666669
13 0.6444375 0.3127361111111111 0.0660546875 0.1728611111111111
14 0.3853203125 0.4868472222222222 0.0497109375 0.2324027777777778
14 0.5316562499999999 0.39972222222222226 0.03728125 0.2111388888888889
14 0.56084375 0.4638333333333333 0.0884375 0.24519444444444444
14 0.79384375 0.45069444444444445 0.068203125 0.2167777777777778
14 0.632859375 0.8594027777777777 0.0671875 0.26925000000000004
15 0.8665859375 0.8863194444444444 0.041984375000000004 0.03398611111111111
4 0.6346093749999999 0.536 0.006109375 0.010305555555555556
5 0.546296875 0.735625 0.0048046875 0.008861111111111111
6 0.2774765625 0.47154166666666664 0.0049765625 0.00823611111111111
7 0.146875 0.6591527777777777 0.0051796875 0.008458333333333333
10 0.87228125 0.41631944444444446 0.0038515625 0.006666666666666666