13 0.1649296875 0.6771944444444444 0.0892421875 0.1931111111111111
13 0.23878906249999998 0.41580555555555554 0.065078125 0.20366666666666663
13 0.48855468750000003 0.22193055555555555 0.0318046875 0.15759722222222222
13 0.7210703125 0.47286111111111107 0.037453125 0.17056944444444444
13 0.732375 0.5797361111111111 0.0413125 0.22859722222222223
14 0.62428125 0.44766666666666666 0.05011718750000001 0.18961111111111112
14 0.3009765625 0.38783333333333336 0.061320312499999995 0.18383333333333335
14 0.3471640625 0.5810972222222222 0.088078125 0.18147222222222223
14 0.5429296875 0.3293888888888889 0.046609374999999995 0.17527777777777778
14 0.691421875 0.5383333333333333 0.0687890625 0.2042777777777778
12 0.8921093750000001 0.2693888888888889 0.02484375 0.18029166666666668
12 0.4466875 0.7433888888888889 0.044937500000000005 0.2227361111111111
15 0.8628359375000001 0.8848472222222222 0.056914062499999994 0.041749999999999995
1 0.0823828125 0.7189027777777778 0.0116484375 0.018208333333333333
0 0.3839296875 0.283375 0.011609375 0.013805555555555555
2 0.3979453125 0.262625 0.012992187499999999 0.01611111111111111
7 0.20284375 0.5472083333333333 0.0119453125 0.01926388888888889
5 0.5271640625 0.6111666666666667 0.009015625 0.01938888888888889
4 0.599109375 0.4489444444444445 0.0107265625 0.017180555555555553
10 0.79215625 0.34597222222222224 0.012273437500000001 0.018125000000000002
11 0.6313984375 0.8354166666666667 0.01096875 0.020819444444444446