15 0.864625 0.884888888888889 0.038625 0.03905555555555556
14 0.4382578125 0.4787777777777778 0.076515625 0.31293055555555555
14 0.4007734375 0.7541666666666667 0.049984375 0.355375
13 0.4999765625 0.43086111111111114 0.0530859375 0.3199027777777778
13 0.6792734375 0.39844444444444443 0.09603906250000001 0.2828333333333333
13 0.8513437500000001 0.32305555555555554 0.0651875 0.23761111111111113
14 0.8003750000000001 0.4166527777777778 0.10387500000000001 0.23593055555555556
14 0.7738046875 0.7261805555555556 0.0569921875 0.3355416666666667
14 0.8985 0.5410972222222222 0.07825 0.28758333333333336
2 0.5706640625 0.3209444444444445 0.013203125 0.022291666666666668
0 0.54715625 0.35533333333333333 0.014624999999999999 0.018847222222222224
7 0.264984375 0.7478194444444444 0.01121875 0.02048611111111111