13 0.42271875000000003 0.43454166666666666 0.040921875 0.27102777777777776
14 0.7429140624999999 0.42604166666666665 0.08101562500000001 0.2425277777777778
14 0.41392968750000003 0.4762361111111111 0.0765 0.2818333333333333
14 0.451640625 0.520611111111111 0.0404140625 0.27144444444444443
14 0.5611640625 0.6784861111111111 0.0783515625 0.31637499999999996
13 0.3280703125 0.5001805555555555 0.06815625 0.26631944444444444
13 0.6466406250000001 0.8511944444444445 0.068359375 0.2976111111111111
12 0.8452187500000001 0.928125 0.065203125 0.14375
12 0.86909375 0.21658333333333332 0.0461796875 0.24195833333333333
15 0.8669765625 0.8853194444444443 0.04065625 0.03277777777777778
2 0.4646484375 0.27326388888888886 0.004390625 0.007680555555555556
0 0.44476562499999994 0.30416666666666664 0.005203125 0.00938888888888889
1 0.007203125 0.9193194444444444 0.00615625 0.011624999999999998
4 0.75440625 0.5418055555555555 0.0057890625 0.009986111111111112
7 0.18346875 0.6724861111111111 0.0060390625 0.010555555555555556