12 0.3491796875 0.24006944444444445 0.0355234375 0.1728611111111111
12 0.572921875 0.8601249999999999 0.06133593750000001 0.252125
13 0.9540078125000001 0.6045277777777778 0.0514765625 0.2559722222222222
13 0.7398046875000001 0.7239305555555556 0.0697578125 0.26959722222222227
13 0.43679687500000003 0.37551388888888887 0.0583125 0.21455555555555555
14 0.48026562500000003 0.3772083333333333 0.0451484375 0.18016666666666667
14 0.5553125 0.38802777777777775 0.0648046875 0.2233888888888889
13 0.5886328125 0.42083333333333334 0.0449765625 0.19866666666666666
14 0.609609375 0.5218472222222222 0.083140625 0.26316666666666666
14 0.7089765625 0.42943055555555554 0.06346093750000001 0.19831944444444444
14 0.462671875 0.5415 0.0584921875 0.2647083333333333
13 0.411109375 0.736388888888889 0.053968749999999996 0.29183333333333333
10 0.9304921875 0.36616666666666664 0.0089921875 0.012486111111111111
11 0.7330390625 0.9493194444444444 0.0084453125 0.015236111111111112
12 0.8652421875 0.8844305555555555 0.0423046875 0.03783333333333333
5 0.6070156250000001 0.6762222222222222 0.009703125 0.015083333333333332
6 0.346734375 0.4141666666666666 0.00940625 0.016805555555555556
7 0.2211875 0.5940416666666667 0.008578125 0.015222222222222224
1 0.07764062499999999 0.7941388888888888 0.0104296875 0.016319444444444445
2 0.454109375 0.25990277777777776 0.006195312499999999 0.010152777777777778
0 0.43648437500000004 0.28633333333333333 0.0069140625 0.012236111111111113