13 0.44125 0.4447083333333333 0.040921875 0.22491666666666665
13 0.2694296875 0.5929305555555556 0.0640390625 0.2058611111111111
13 0.21784374999999997 0.7445694444444445 0.084703125 0.30443055555555554
12 0.1085 0.6874722222222223 0.0426953125 0.2308888888888889
12 0.8176328125 0.3007916666666667 0.046765625 0.197875
12 0.7980390625 0.9143194444444444 0.050164062499999995 0.171375
14 0.890875 0.4059027777777778 0.06704687499999999 0.21459722222222222
14 0.8146875 0.6063888888888889 0.0586953125 0.24118055555555556
14 0.5913515625 0.4490277777777778 0.045359375 0.23074999999999998
14 0.4599296875 0.4577777777777778 0.0601484375 0.21459722222222222
14 0.46190625 0.5758055555555556 0.056203125 0.22347222222222224
14 0.28942968750000003 0.8528055555555555 0.0788046875 0.211
15 0.863921875 0.8827083333333333 0.042328125 0.03663888888888889
10 0.97428125 0.4485 0.0075 0.012333333333333335
2 0.4997421875 0.3400138888888889 0.0072578124999999995 0.012708333333333334
0 0.483609375 0.3640277777777778 0.0073359375000000004 0.013069444444444444
4 0.736609375 0.56125 0.0101171875 0.014902777777777779
5 0.6492734375 0.7519305555555555 0.0074062500000000005 0.01486111111111111
6 0.394046875 0.4902638888888889 0.008828125000000001 0.013138888888888891
7 0.27038281249999996 0.6655694444444444 0.008367187500000001 0.013194444444444444
1 0.129359375 0.8636527777777778 0.010265625 0.015361111111111112