13 0.3488515625 0.3824305555555556 0.0896484375 0.27288888888888885
14 0.3759296875 0.5429999999999999 0.04321875 0.270875
14 0.3264140625 0.5831666666666666 0.086265625 0.3003472222222222
13 0.1685234375 0.6900555555555555 0.08883593749999999 0.21558333333333332
14 0.582140625 0.40468055555555554 0.06384375 0.1828888888888889
14 0.54896875 0.5205972222222222 0.0700546875 0.2736388888888889
13 0.4851875 0.5362916666666666 0.0818046875 0.25254166666666666
13 0.694328125 0.5850277777777778 0.0756484375 0.2614444444444445
12 0.9017109375000001 0.32304166666666667 0.063203125 0.22956944444444444
12 0.0954296875 0.6521388888888889 0.047843750000000004 0.2627916666666667
15 0.8625624999999999 0.8824166666666667 0.040273437499999995 0.03930555555555556
4 0.7279687499999999 0.6000416666666666 0.01134375 0.01916666666666667
5 0.6256171875 0.824375 0.0101015625 0.01798611111111111
1 0.0066484375 0.9700277777777777 0.010484375 0.020208333333333335
7 0.1781171875 0.7297222222222222 0.0079375 0.015111111111111112
2 0.44953125 0.3433888888888889 0.007914062500000001 0.013708333333333333
0 0.42964843750000004 0.3728194444444445 0.00840625 0.014527777777777778