13 0.2060234375 0.7570277777777777 0.12889843750000002 0.2522083333333333
13 0.4968828125 0.4052222222222222 0.0701015625 0.2340138888888889
13 0.43470312499999997 0.4950833333333333 0.073171875 0.2147638888888889
14 0.46216406250000003 0.3741111111111111 0.0323515625 0.27366666666666667
14 0.42225 0.3853333333333333 0.052234375 0.18226388888888886
14 0.378640625 0.510625 0.053414062500000005 0.23506944444444444
14 0.28421093750000004 0.6437361111111112 0.049953125 0.24359722222222221
14 0.6600703125 0.49818055555555557 0.0715078125 0.20777777777777778
14 0.8653124999999999 0.8853194444444443 0.038359375 0.03159722222222222
12 0.839421875 0.9524444444444444 0.0728671875 0.09511111111111112
4 0.71009375 0.5367916666666667 0.007046874999999999 0.01173611111111111
5 0.6218515625000001 0.7285833333333334 0.00653125 0.011777777777777778
7 0.2371484375 0.6454027777777778 0.006390625 0.010805555555555556
1 0.09296875 0.848 0.00659375 0.010888888888888889
10 0.9477734375000001 0.42113888888888895 0.0070859375 0.010555555555555556
12 0.791453125 0.27195833333333336 0.046617187500000004 0.20122222222222222