13 0.5765625 0.2638888888888889 0.0546875 0.18055555555555555
13 0.690625 0.2638888888888889 0.0765625 0.17777777777777778
13 0.68125 0.38333333333333336 0.08125 0.2
13 0.884375 0.5888888888888889 0.0890625 0.21666666666666667
13 0.828125 0.6416666666666667 0.0796875 0.175
14 0.05625 0.3861111111111111 0.08125 0.20833333333333334
14 0.3140625 0.275 0.06875 0.18333333333333332
14 0.253125 0.5694444444444444 0.0546875 0.2388888888888889
14 0.5625 0.5555555555555556 0.0625 0.22777777777777777
14 0.79375 0.4888888888888889 0.0609375 0.19166666666666668
12 0.6859375 0.8388888888888889 0.0734375 0.21944444444444444
12 0.10625 0.25277777777777777 0.0484375 0.16111111111111112
12 0.965625 0.25555555555555554 0.0671875 0.19166666666666668
4 0.8875 0.6527777777777778 0.0203125 0.03888888888888889
5 0.81875 0.45555555555555555 0.0140625 0.022222222222222223
11 0.6078125 0.28888888888888886 0.0140625 0.019444444444444445