13 0.7671875 0.5833333333333334 0.053125 0.225
13 0.053515625 0.5569444444444445 0.04296875 0.21666666666666667
13 0.23984375 0.3423611111111111 0.0453125 0.17083333333333334
13 0.575 0.25277777777777777 0.0375 0.16111111111111112
13 0.8573437500000001 0.6669583333333333 0.0512734375 0.12441666666666666
12 0.575359375 0.7826944444444444 0.050453125 0.20833333333333334
12 0.040281250000000005 0.3472222222222222 0.046382812499999995 0.17072222222222222
12 0.753578125 0.3219027777777778 0.030921874999999998 0.1634861111111111
14 0.5562343750000001 0.5743611111111111 0.041507812500000005 0.2314861111111111
14 0.6783046875000001 0.5135972222222223 0.041507812500000005 0.20254166666666668
14 0.6115703124999999 0.3219027777777778 0.049640625 0.1837361111111111
14 0.3267421875 0.38266666666666665 0.03825 0.16927777777777778
14 0.13590625 0.5497638888888888 0.0553359375 0.19386111111111112
4 0.4928828125 0.6550972222222222 0.008453125 0.014583333333333334
5 0.43298437500000003 0.4879027777777778 0.010453125 0.014972222222222222
6 0.8276328124999999 0.60475 0.011351562499999999 0.017166666666666667
7 0.7327421875 0.44654166666666667 0.009929687500000001 0.015000000000000001
1 0.6640390625 0.3317638888888889 0.0090390625 0.015027777777777779
3 0.6509140625 0.3092083333333333 0.006796874999999999 0.012222222222222223
15 0.8650703125 0.8846944444444444 0.0455703125 0.03906944444444444
11 0.2493515625 0.3827361111111111 0.0063750000000000005 0.011416666666666667
10 0.3705078125 0.882875 0.00496875 0.009041666666666667