13 0.40409375000000003 0.35708333333333336 0.0496953125 0.20368055555555556
14 0.371671875 0.3970416666666667 0.0327265625 0.2152777777777778
14 0.44350781250000004 0.37430555555555556 0.044921875 0.2093472222222222
14 0.5326015625 0.5125972222222223 0.0599609375 0.21863888888888888
14 0.28869531249999997 0.6094305555555556 0.062296874999999995 0.2660972222222222
14 0.71528125 0.7134722222222223 0.055859375 0.2632083333333333
13 0.6715 0.743625 0.0397578125 0.26719444444444446
13 0.8320234375 0.4706527777777778 0.0425703125 0.2917638888888889
13 0.552734375 0.53975 0.052351562500000004 0.23099999999999998
13 0.1685234375 0.7412638888888889 0.08084375 0.28284722222222225
12 0.40286718749999995 0.8287083333333333 0.051960937500000005 0.25636111111111115
12 0.264765625 0.2871111111111111 0.0366796875 0.17879166666666665
12 0.9688359375 0.294 0.056640625 0.2081388888888889
15 0.8657031249999999 0.885 0.0499296875 0.03693055555555556
11 0.6701484375 0.9537777777777778 0.0080703125 0.013888888888888888
10 0.8601015625 0.38156944444444446 0.0083828125 0.011708333333333333
2 0.39761718749999997 0.28441666666666665 0.005734375 0.010791666666666666
0 0.381421875 0.30772222222222223 0.0063593750000000004 0.010499999999999999
1 0.024703125 0.8158472222222222 0.0058046875 0.011430555555555557
4 0.6330625000000001 0.4977916666666667 0.0073828125 0.011402777777777779
5 0.5491640624999999 0.6871111111111111 0.0073906250000000005 0.012125
6 0.292875 0.4363472222222222 0.006804687500000001 0.011027777777777779
7 0.1696875 0.6131666666666666 0.0072734375 0.01375