13 0.2315078125 0.3462222222222222 0.068125 0.2759861111111111
14 0.3486796875 0.4416527777777778 0.0908203125 0.2673611111111111
14 0.3888203125 0.5696944444444445 0.1086015625 0.28861111111111115
14 0.48168749999999994 0.4808888888888889 0.0684765625 0.2549166666666667
13 0.53553125 0.5284583333333334 0.07816406249999999 0.2945
14 0.6659765625 0.3924583333333333 0.08052343749999999 0.2699722222222222
13 0.8226093750000001 0.25680555555555556 0.065671875 0.2789861111111111
12 0.9151171874999999 0.2235138888888889 0.0631875 0.285625
13 0.9836640624999999 0.8610555555555556 0.032671875 0.2778888888888889
14 0.6970390625 0.8534861111111111 0.0915078125 0.2930416666666667
15 0.8641015624999999 0.8842361111111111 0.047796875 0.041416666666666664
4 0.8057890625 0.5962500000000001 0.0165625 0.02745833333333333
6 0.3326328125 0.5028055555555555 0.01240625 0.022291666666666668
7 0.15965625 0.7447777777777778 0.013125000000000001 0.02279166666666667
2 0.4790859375 0.2958472222222222 0.014703125000000001 0.023541666666666666
0 0.45650781250000005 0.3307083333333333 0.01209375 0.019444444444444445