4 0.7160624999999999 0.45269444444444445 0.006296875 0.009541666666666667
4 0.6278125 0.6450694444444445 0.0054453125 0.009027777777777777
6 0.36698437500000003 0.3837222222222222 0.0044531250000000005 0.006611111111111111
7 0.241796875 0.5609027777777779 0.00475 0.00775
1 0.10013281249999999 0.76025 0.005265625 0.008652777777777778
0 0.458203125 0.2541527777777778 0.0042578125 0.0071111111111111115
2 0.47490625 0.229875 0.004578125000000001 0.007847222222222222
10 0.9558203125 0.3361388888888889 0.0044296875 0.007416666666666667
12 0.97459375 0.22623611111111108 0.0343828125 0.22305555555555553
13 0.6528125 0.20094444444444445 0.056882812500000005 0.19644444444444445
13 0.49913281249999997 0.2756805555555556 0.05390625 0.19701388888888888
14 0.59659375 0.3267361111111111 0.071859375 0.2078888888888889
14 0.75271875 0.4253611111111111 0.0585078125 0.20590277777777777
14 0.42996093750000003 0.36668055555555557 0.0465 0.22486111111111112
14 0.523328125 0.5637916666666667 0.0704375 0.2237361111111111
13 0.5501796875 0.5902083333333333 0.0846171875 0.21366666666666667
12 0.50303125 0.7993888888888888 0.05284375 0.2587083333333334
14 0.28628125 0.6209583333333333 0.055843750000000004 0.2374027777777778
13 0.150734375 0.6798472222222223 0.0637421875 0.28702777777777777
12 0.3040234375 0.28281944444444446 0.034078125 0.19926388888888888
11 0.7529921875000001 0.9216805555555556 0.0056875 0.010791666666666666