14 0.1774921875 0.5995833333333334 0.0408984375 0.22455555555555556
13 0.1974296875 0.6819305555555556 0.059484375 0.23309722222222223
12 0.11187499999999999 0.6748055555555555 0.0347734375 0.24566666666666667
1 0.17871874999999998 0.810513888888889 0.008749999999999999 0.01551388888888889
14 0.5004062499999999 0.412875 0.037296875 0.1807638888888889
14 0.49135937500000004 0.5731111111111111 0.060015624999999996 0.233125
14 0.5804453125 0.43672222222222223 0.0563125 0.22215277777777775
13 0.6862812500000001 0.31609722222222225 0.039078125000000005 0.16702777777777778
14 0.6736171875 0.5306944444444445 0.062546875 0.21295833333333336
13 0.706921875 0.540875 0.0599609375 0.1925972222222222
13 0.9327421875 0.4447361111111111 0.0741953125 0.20506944444444444
12 0.810984375 0.28844444444444445 0.036515625 0.18272222222222223
12 0.7059609375 0.8559444444444444 0.0536015625 0.275125
13 0.764875 0.7493472222222222 0.0489921875 0.26066666666666666
15 0.8652656249999999 0.8855555555555555 0.0421640625 0.03938888888888889
11 0.7743984375 0.9675277777777778 0.00859375 0.015666666666666666
4 0.7394609375 0.5358055555555555 0.0091484375 0.01573611111111111
5 0.659140625 0.7095 0.008296874999999999 0.014361111111111111
6 0.4229375 0.46738888888888885 0.0078359375 0.014374999999999999
7 0.3086796875 0.6294861111111112 0.007867187500000001 0.016138888888888887
2 0.520640625 0.3288611111111111 0.008484374999999999 0.014180555555555557