10 0.9276249999999999 0.3896388888888889 0.007640625 0.01152777777777778
11 0.731890625 0.9638611111111112 0.008140625 0.013138888888888891
4 0.6951875000000001 0.5026805555555556 0.0090546875 0.01323611111111111
5 0.6100625 0.6922638888888889 0.009882812500000001 0.012194444444444444
6 0.35415625 0.43655555555555553 0.0071328125 0.01186111111111111
7 0.2308046875 0.6118888888888889 0.0079453125 0.01225
2 0.45935156250000003 0.2861944444444445 0.0064609375 0.012791666666666668
14 0.1238046875 0.7322500000000001 0.0919453125 0.2841388888888889
12 0.0303046875 0.6459305555555556 0.03396875 0.2585972222222222
13 0.296125 0.8053888888888889 0.048828125 0.2284861111111111
14 0.364984375 0.5774305555555556 0.057546875 0.25497222222222227
13 0.47631249999999997 0.34718055555555555 0.0431953125 0.2245138888888889
14 0.4442109375 0.3781111111111111 0.057523437499999996 0.2265416666666667
14 0.5117734375 0.41574999999999995 0.0566171875 0.23077777777777778
13 0.873609375 0.3454861111111111 0.0552734375 0.19744444444444445
14 0.8699765625 0.48573611111111115 0.050812500000000003 0.23113888888888887
12 0.7459687500000001 0.2465138888888889 0.0369921875 0.18025
15 0.8646484375 0.8854583333333333 0.0415703125 0.03708333333333333