14 0.27884375 0.7596527777777778 0.059640625 0.33037500000000003
14 0.44671874999999994 0.5896944444444444 0.0528203125 0.30266666666666664
14 0.5808828125 0.5309444444444444 0.055507812499999996 0.2738611111111111
14 0.63334375 0.5770555555555555 0.11228125 0.26543055555555556
13 0.40308593750000005 0.7166666666666667 0.16471093750000002 0.27891666666666665
13 0.8120625 0.5520416666666667 0.0945703125 0.2635277777777778
13 0.9782109374999999 0.9033472222222222 0.0435859375 0.19329166666666664
15 0.8658359375 0.8857222222222223 0.04153125 0.03816666666666667
12 0.3603125 0.3121527777777778 0.042796875 0.24906944444444445
2 0.49566406250000006 0.3509583333333333 0.005109375 0.009777777777777778
0 0.47424218749999997 0.38347222222222227 0.00584375 0.009944444444444445
4 0.8061015625 0.63925 0.006390625 0.011194444444444444
5 0.6925 0.8876805555555556 0.00609375 0.011194444444444444
6 0.3588984375 0.5474027777777778 0.0063125 0.00938888888888889
7 0.19646875 0.7770416666666667 0.0054609375000000005 0.011402777777777779