14 0.2174609375 0.41831944444444447 0.0783828125 0.2585694444444444
12 0.35584375 0.24040277777777777 0.04975 0.22345833333333331
13 0.3943828125 0.3917777777777778 0.061812500000000006 0.3090138888888889
14 0.7831875 0.3375416666666667 0.099046875 0.2081388888888889
14 0.7434140625000001 0.4475138888888889 0.049328125 0.22856944444444444
14 0.649484375 0.4815 0.091578125 0.2662361111111111
14 0.561328125 0.7025416666666666 0.0985078125 0.2916666666666667
13 0.5003671875 0.6831111111111111 0.101578125 0.285625
15 0.8648828125 0.8842638888888888 0.0479375 0.03641666666666667
12 0.67678125 0.9305000000000001 0.0467421875 0.13899999999999998
5 0.629609375 0.7684444444444444 0.0134765625 0.02701388888888889
6 0.3187734375 0.4559305555555555 0.0111171875 0.018125000000000002
7 0.1655234375 0.6699166666666666 0.015351562499999999 0.022236111111111113
2 0.44846874999999997 0.27133333333333337 0.0110390625 0.01636111111111111
0 0.42710156250000003 0.3015555555555556 0.01259375 0.018458333333333334