13 0.1522265625 0.7521666666666665 0.0528828125 0.2652777777777778
13 0.52509375 0.39669444444444446 0.0705078125 0.17655555555555555
13 0.976953125 0.47265277777777776 0.04609375 0.22847222222222222
13 0.4276640625 0.5266527777777777 0.07564062499999999 0.21979166666666666
14 0.47074999999999995 0.3507777777777778 0.0321171875 0.27361111111111114
14 0.4619453125 0.3962777777777778 0.06296093750000001 0.2923888888888889
14 0.3909375 0.5337500000000001 0.049062499999999995 0.23955555555555555
14 0.28778125 0.6776388888888889 0.0568125 0.25233333333333335
5 0.62296875 0.7329583333333334 0.011554687499999999 0.02408333333333333
4 0.70778125 0.5418194444444444 0.0140078125 0.019583333333333335
7 0.2475234375 0.6521666666666667 0.0137890625 0.023625000000000004
1 0.1084921875 0.8467777777777777 0.013859374999999998 0.021180555555555557
10 0.949078125 0.40447222222222223 0.015335937499999999 0.01988888888888889
15 0.8649453125000001 0.8855416666666667 0.042390625 0.04036111111111111