13 0.56875 0.48055555555555557 0.040625 0.2222222222222222
13 0.5625 0.5 0.05625 0.2611111111111111
13 0.4203125 0.5472222222222223 0.0578125 0.25277777777777777
13 0.5546875 0.725 0.059375 0.2833333333333333
14 0.4328125 0.7666666666666667 0.103125 0.25555555555555554
14 0.3859375 0.48055555555555557 0.046875 0.2388888888888889
12 0.675 0.375 0.0421875 0.17777777777777778
12 0.475 0.9444444444444444 0.0453125 0.10833333333333334
15 0.865625 0.8916666666666667 0.0375 0.04722222222222222
4 0.365625 0.8305555555555556 0.0171875 0.03611111111111111
5 0.284375 0.6111111111111112 0.015625 0.027777777777777776
7 0.6703125 0.5444444444444444 0.01875 0.022222222222222223
11 0.021875 0.45 0.0109375 0.022222222222222223
3 0.565625 0.36944444444444446 0.0171875 0.025