13 0.14765625 0.3909722222222222 0.0703125 0.30694444444444446
13 0.421484375 0.5993055555555555 0.07890625 0.3013888888888889
13 0.56953125 0.32013888888888886 0.075 0.25972222222222224
13 0.76796875 0.8395833333333333 0.1140625 0.31805555555555554
14 0.880859375 0.4951388888888889 0.09609375 0.29305555555555557
12 0.31015625 0.24930555555555556 0.06875 0.20694444444444443
12 0.669140625 0.9291666666666667 0.05078125 0.14166666666666666
15 0.669140625 0.9083333333333333 0.06640625 0.03611111111111111
4 0.6850703125 0.5086111111111111 0.012296875 0.018819444444444444
5 0.5821875000000001 0.7473611111111111 0.012765625 0.01963888888888889
6 0.25889843749999997 0.43456944444444445 0.0147578125 0.025916666666666668
7 0.1033125 0.6590833333333334 0.0179921875 0.025805555555555554
2 0.38859374999999996 0.24152777777777779 0.0124765625 0.01911111111111111
0 0.367734375 0.2743055555555556 0.0123125 0.019125
10 0.9731484375000001 0.3630555555555555 0.01390625 0.01852777777777778