13 0.25703125 0.7013888888888888 0.078125 0.24444444444444444
13 0.3796875 0.5118055555555555 0.071875 0.1597222222222222
13 0.578125 0.48819444444444443 0.0515625 0.19583333333333333
13 0.57890625 0.21736111111111112 0.03125 0.1597222222222222
13 0.267578125 0.28958333333333336 0.04765625 0.16527777777777777
12 0.8421875 0.44375 0.04375 0.19305555555555556
12 0.148828125 0.2708333333333333 0.02578125 0.1527777777777778
12 0.552734375 0.7805555555555556 0.04921875 0.16666666666666666
14 0.419140625 0.3888888888888889 0.04921875 0.1638888888888889
14 0.338671875 0.6527777777777778 0.07109375 0.19722222222222222
14 0.461328125 0.5604166666666667 0.08515625 0.18472222222222223
14 0.515625 0.47430555555555554 0.053125 0.19305555555555556
14 0.540625 0.33125 0.034375 0.16805555555555557
11 0.22789062499999999 0.34988888888888886 0.010320312500000001 0.016902777777777777
3 0.64471875 0.268125 0.0096875 0.013708333333333333
1 0.6593046874999999 0.29186111111111107 0.0102890625 0.017069444444444443
0 0.9487578125 0.7586666666666667 0.014390625 0.02415277777777778
6 0.8320859374999999 0.5736111111111111 0.0133203125 0.020041666666666666
7 0.731078125 0.41 0.0101015625 0.014972222222222222
4 0.4859375 0.6319444444444444 0.015625 0.025
5 0.42151562499999995 0.46037500000000003 0.0100234375 0.017138888888888888
15 0.6731328125 0.906625 0.0636953125 0.04498611111111111
10 0.3600546875 0.8669305555555556 0.011226562499999999 0.017291666666666667