14 0.8125 0.2777777777777778 0.078125 0.20277777777777778
14 0.725 0.525 0.0796875 0.18888888888888888
14 0.546875 0.7527777777777778 0.0796875 0.2388888888888889
14 0.2546875 0.2388888888888889 0.0671875 0.17222222222222222
13 0.0671875 0.6666666666666666 0.0515625 0.25277777777777777
13 0.39375 0.4361111111111111 0.05625 0.19722222222222222
13 0.778125 0.38055555555555554 0.071875 0.2111111111111111
9 0.15625 0.3 0.0265625 0.030555555555555555
11 0.471875 0.2777777777777778 0.0140625 0.025
3 0.925 0.23333333333333334 0.01875 0.027777777777777776
1 0.94375 0.2611111111111111 0.0203125 0.016666666666666666
5 0.6765625 0.4305555555555556 0.0203125 0.022222222222222223
4 0.7390625 0.6166666666666667 0.01875 0.027777777777777776
15 0.6734375 0.9083333333333333 0.0640625 0.027777777777777776