13 0.25625 0.7 0.078125 0.24444444444444444
13 0.3796875 0.5111111111111111 0.071875 0.15833333333333333
13 0.578125 0.4888888888888889 0.0515625 0.19444444444444445
13 0.578125 0.21666666666666667 0.03125 0.15833333333333333
13 0.2671875 0.28888888888888886 0.046875 0.1638888888888889
12 0.8421875 0.4444444444444444 0.04375 0.19166666666666668
12 0.1484375 0.2722222222222222 0.025 0.1527777777777778
12 0.553125 0.7805555555555556 0.0484375 0.16666666666666666
14 0.41875 0.3888888888888889 0.0484375 0.1638888888888889
14 0.3390625 0.6527777777777778 0.0703125 0.19722222222222222
14 0.4609375 0.5611111111111111 0.084375 0.18333333333333332
14 0.515625 0.475 0.053125 0.19166666666666668
14 0.540625 0.33055555555555555 0.034375 0.16666666666666666
11 0.2234375 0.32222222222222224 0.0140625 0.016666666666666666
3 0.646875 0.26944444444444443 0.021875 0.019444444444444445
1 0.659375 0.29444444444444445 0.0140625 0.019444444444444445
0 0.9484375 0.7555555555555555 0.0234375 0.03333333333333333
6 0.834375 0.5722222222222222 0.0265625 0.03611111111111111
7 0.7328125 0.4111111111111111 0.01875 0.019444444444444445
4 0.4859375 0.6333333333333333 0.015625 0.025
5 0.421875 0.46111111111111114 0.009375 0.016666666666666666
15 0.6734375 0.9055555555555556 0.0625 0.044444444444444446