13 0.812109375 0.2791666666666667 0.07890625 0.20277777777777778
13 0.72578125 0.5243055555555556 0.0796875 0.19027777777777777
13 0.546484375 0.7527777777777778 0.08046875 0.2388888888888889
13 0.255078125 0.2375 0.06796875 0.17222222222222222
14 0.067578125 0.6652777777777777 0.05234375 0.25277777777777777
14 0.393359375 0.43680555555555556 0.05703125 0.1986111111111111
14 0.77734375 0.38055555555555554 0.071875 0.2111111111111111
9 0.15634375 0.30044444444444446 0.026945312500000002 0.03193055555555555
2 0.4762109375 0.30204166666666665 0.015515625 0.026125
3 0.92540625 0.23368055555555556 0.01878125 0.029027777777777777
1 0.9433671875 0.2619722222222222 0.0204140625 0.018875
5 0.6763984375 0.4296111111111111 0.0204140625 0.02322222222222222
4 0.739671875 0.616125 0.01959375 0.03048611111111111
15 0.673828125 0.9076388888888889 0.06484375 0.029166666666666667
10 0.6024765624999999 0.851986111111111 0.0199609375 0.027805555555555556