14 0.568359375 0.48125 0.04140625 0.22361111111111112
14 0.562890625 0.5013888888888889 0.05703125 0.2611111111111111
14 0.419921875 0.5472222222222223 0.05859375 0.25277777777777777
14 0.555078125 0.725 0.06015625 0.2833333333333333
13 0.4328125 0.7652777777777777 0.103125 0.25555555555555554
13 0.386328125 0.48055555555555557 0.04765625 0.2388888888888889
12 0.674609375 0.37569444444444444 0.04296875 0.17916666666666667
12 0.475390625 0.9458333333333333 0.04609375 0.10833333333333334
15 0.865234375 0.8923611111111112 0.03828125 0.04861111111111111
4 0.365328125 0.8296805555555555 0.0083828125 0.014180555555555557
5 0.2831953125 0.6112777777777778 0.007015625 0.012805555555555556
7 0.673734375 0.5451388888888888 0.008375 0.013166666666666667
11 0.030679687500000004 0.47958333333333336 0.0062421875 0.011083333333333334
3 0.5660703125000001 0.36944444444444446 0.0081484375 0.013958333333333335