13 0.146875 0.39166666666666666 0.0703125 0.3055555555555556
13 0.421875 0.6 0.078125 0.3
13 0.56875 0.3194444444444444 0.075 0.25833333333333336
13 0.76875 0.8388888888888889 0.1140625 0.31666666666666665
14 0.88125 0.49444444444444446 0.0953125 0.2916666666666667
12 0.309375 0.25 0.06875 0.20555555555555555
12 0.66875 0.9277777777777778 0.05 0.14166666666666666
15 0.66875 0.9083333333333333 0.065625 0.03611111111111111
4 0.6875 0.5083333333333333 0.028125 0.041666666666666664
5 0.58125 0.7472222222222222 0.03125 0.044444444444444446
6 0.2578125 0.43333333333333335 0.0234375 0.03611111111111111
7 0.1015625 0.6583333333333333 0.0296875 0.03888888888888889
2 0.390625 0.24166666666666667 0.021875 0.03611111111111111
0 0.36875 0.2722222222222222 0.021875 0.030555555555555555
10 0.984375 0.3277777777777778 0.0203125 0.027777777777777776