14 0.582421875 0.3611111111111111 0.11328125 0.24166666666666667
14 0.523046875 0.5 0.08046875 0.24444444444444444
14 0.94453125 0.40069444444444446 0.0890625 0.21805555555555556
14 0.43515625 0.6541666666666667 0.1 0.2861111111111111
14 0.453515625 0.8215277777777777 0.14140625 0.30416666666666664
12 0.5828125 0.8319444444444445 0.1078125 0.25277777777777777
12 0.902734375 0.28680555555555554 0.06171875 0.2125
13 0.4328125 0.4173611111111111 0.103125 0.25416666666666665
13 0.6859375 0.3840277777777778 0.065625 0.21805555555555556
13 0.6515625 0.6916666666666667 0.1296875 0.2861111111111111
15 0.8828125 0.8798611111111111 0.046875 0.04583333333333333
5 0.5749453124999999 0.5114027777777778 0.012750000000000001 0.02344444444444444
4 0.670578125 0.7004027777777778 0.0142890625 0.023166666666666665
3 0.8768125 0.31251388888888887 0.015195312499999999 0.020083333333333335