14 0.09765625 0.5993055555555555 0.0671875 0.24861111111111112
14 0.298046875 0.39444444444444443 0.08515625 0.175
14 0.42734375 0.8131944444444444 0.0625 0.30972222222222223
14 0.616015625 0.48333333333333334 0.07265625 0.225
14 0.904296875 0.6895833333333333 0.07265625 0.2375
13 0.520703125 0.6791666666666667 0.04609375 0.25555555555555554
13 0.156640625 0.5875 0.05234375 0.225
13 0.394140625 0.4215277777777778 0.04140625 0.18194444444444444
13 0.540625 0.4965277777777778 0.08125 0.2152777777777778
13 0.753125 0.6236111111111111 0.059375 0.2638888888888889
12 0.93828125 0.6409722222222223 0.059375 0.24027777777777778
12 0.2421875 0.8819444444444444 0.0625 0.2361111111111111
12 0.376953125 0.3451388888888889 0.04296875 0.1736111111111111
4 0.4688359375 0.7567083333333334 0.00621875 0.009972222222222223
5 0.392140625 0.5874305555555556 0.0071796874999999994 0.011541666666666667
6 0.8569687500000001 0.6998055555555556 0.007773437499999999 0.013166666666666667
7 0.7339296875 0.5388888888888889 0.006296875 0.010374999999999999
11 0.1728046875 0.4846388888888889 0.0059609375 0.009527777777777777
1 0.6494453124999999 0.4267916666666667 0.0076171875 0.012347222222222223
15 0.8828125 0.8493055555555555 0.04375 0.04861111111111111
3 0.6329609375 0.40443055555555557 0.005234375 0.009833333333333333