14 0.126953125 0.5944444444444444 0.05234375 0.25555555555555554
14 0.187109375 0.39791666666666664 0.05546875 0.22083333333333333
14 0.537109375 0.35555555555555557 0.03671875 0.18611111111111112
14 0.758984375 0.575 0.04765625 0.275
14 0.934375 0.7416666666666667 0.078125 0.28888888888888886
13 0.316015625 0.5527777777777778 0.06328125 0.24444444444444444
13 0.45234375 0.3701388888888889 0.05625 0.19305555555555556
13 0.5609375 0.38055555555555554 0.05625 0.19166666666666668
13 0.688671875 0.6027777777777777 0.05546875 0.25555555555555554
13 0.72109375 0.5409722222222222 0.040625 0.25416666666666665
12 0.246484375 0.8604166666666667 0.04609375 0.2763888888888889
12 0.92421875 0.5777777777777777 0.0515625 0.225
12 0.366796875 0.3347222222222222 0.04296875 0.18333333333333332
4 0.4498984375 0.7473888888888889 0.0083828125 0.012805555555555556
5 0.369921875 0.5879166666666666 0.0081953125 0.012125
6 0.8571328125000001 0.6917222222222222 0.009421875 0.014666666666666668
11 0.138125 0.4882222222222222 0.00878125 0.012486111111111111
3 0.6263359375 0.4125 0.0064296875000000005 0.011097222222222222
15 0.687109375 0.88125 0.05078125 0.0763888888888889
10 0.30878125 0.96875 0.0091796875 0.014930555555555556
1 0.6426796875 0.43368055555555557 0.0064375000000000005 0.010861111111111111