13 0.075390625 0.6027777777777777 0.05390625 0.2611111111111111
13 0.5671875 0.6694444444444444 0.065625 0.2833333333333333
13 0.354296875 0.36666666666666664 0.03515625 0.16944444444444445
13 0.464453125 0.3055555555555556 0.02890625 0.14166666666666666
14 0.405859375 0.4173611111111111 0.04453125 0.17916666666666667
14 0.46640625 0.37569444444444444 0.025 0.1597222222222222
14 0.250390625 0.5520833333333334 0.04296875 0.24027777777777778
14 0.698046875 0.5131944444444444 0.05234375 0.20972222222222223
14 0.516015625 0.6173611111111111 0.07734375 0.2375
12 0.33359375 0.6819444444444445 0.040625 0.21944444444444444
12 0.962109375 0.3715277777777778 0.05078125 0.18194444444444444
12 0.26875 0.33819444444444446 0.03125 0.14305555555555555
15 0.67421875 0.9090277777777778 0.09375 0.043055555555555555
6 0.28445312500000003 0.4475 0.007546875 0.011597222222222222
7 0.135546875 0.5520833333333334 0.01328125 0.018055555555555554
5 0.466953125 0.6240277777777778 0.009765625 0.014041666666666666
10 0.7928671875 0.4415138888888889 0.0101171875 0.014680555555555556
13 0.7625 0.4861111111111111 0.059375 0.2
11 0.5380546875000001 0.8251111111111111 0.0082109375 0.011902777777777778
4 0.5758359375000001 0.5025138888888889 0.0110078125 0.015013888888888889