13 0.803125 0.3138888888888889 0.0625 0.2
13 0.8578125 0.49722222222222223 0.1 0.23333333333333334
13 0.8265625 0.6805555555555556 0.1171875 0.26944444444444443
13 0.565625 0.25833333333333336 0.0359375 0.19166666666666668
13 0.3 0.23333333333333334 0.059375 0.2
14 0.2140625 0.275 0.0609375 0.20277777777777778
14 0.3046875 0.3611111111111111 0.0609375 0.21388888888888888
14 0.3875 0.48055555555555557 0.0890625 0.25555555555555554
14 0.665625 0.36944444444444446 0.0640625 0.22777777777777777
14 0.56875 0.625 0.06875 0.24722222222222223
12 0.584375 0.7444444444444445 0.0515625 0.2
4 0.1203125 0.45 0.0171875 0.030555555555555555
5 0.040625 0.6111111111111112 0.0140625 0.025
10 0.340625 0.3138888888888889 0.0140625 0.022222222222222223
15 0.8765625 0.8444444444444444 0.040625 0.044444444444444446
12 0.9890625 0.2722222222222222 0.0203125 0.18611111111111112