13 0.065625 0.45555555555555555 0.0625 0.2222222222222222
13 0.28125 0.4583333333333333 0.053125 0.2222222222222222
13 0.403125 0.2611111111111111 0.059375 0.16944444444444445
13 0.428125 0.7305555555555555 0.0671875 0.25833333333333336
13 0.678125 0.4388888888888889 0.0609375 0.2388888888888889
14 0.646875 0.4638888888888889 0.05625 0.23055555555555557
14 0.45 0.32222222222222224 0.0390625 0.20555555555555555
14 0.4953125 0.475 0.0765625 0.20555555555555555
14 0.5265625 0.6611111111111111 0.096875 0.25
14 0.278125 0.5 0.0703125 0.22777777777777777
12 0.653125 0.7361111111111112 0.0640625 0.19444444444444445
12 0.815625 0.2861111111111111 0.0453125 0.18055555555555555
11 0.246875 0.3388888888888889 0.021875 0.027777777777777776
5 0.465625 0.4527777777777778 0.0171875 0.025
6 0.9171875 0.5527777777777778 0.021875 0.03333333333333333
7 0.78125 0.4083333333333333 0.025 0.03611111111111111
1 0.6875 0.3111111111111111 0.015625 0.025
3 0.6703125 0.2916666666666667 0.0171875 0.025
15 0.8796875 0.8472222222222222 0.0453125 0.05