14 0.853125 0.5222222222222223 0.0703125 0.21944444444444444
13 0.5796875 0.6527777777777778 0.0546875 0.25555555555555554
13 0.0875 0.6777777777777778 0.0796875 0.25277777777777777
13 0.60625 0.2833333333333333 0.0484375 0.17777777777777778
13 0.74375 0.4222222222222222 0.0375 0.21388888888888888
12 0.14375 0.29444444444444445 0.0375 0.18611111111111112
12 0.465625 0.7472222222222222 0.053125 0.225
14 0.5296875 0.5055555555555555 0.0609375 0.2388888888888889
14 0.415625 0.5777777777777777 0.05 0.2361111111111111
14 0.190625 0.5944444444444444 0.075 0.21666666666666667
14 0.465625 0.36944444444444446 0.06875 0.21666666666666667
15 0.8796875 0.8472222222222222 0.040625 0.044444444444444446
4 0.4609375 0.475 0.015625 0.025
5 0.3875 0.625 0.0171875 0.03611111111111111
6 0.128125 0.4361111111111111 0.021875 0.030555555555555555
7 0.009375 0.5833333333333334 0.015625 0.03333333333333333
0 0.2125 0.3333333333333333 0.0140625 0.022222222222222223
2 0.2296875 0.30833333333333335 0.01875 0.027777777777777776
10 0.6703125 0.35555555555555557 0.0125 0.022222222222222223