13 0.296875 0.6055555555555555 0.0875 0.25
13 0.2796875 0.4083333333333333 0.046875 0.23333333333333334
13 0.40625 0.2611111111111111 0.03125 0.18888888888888888
13 0.9 0.6166666666666667 0.0453125 0.2722222222222222
13 0.475 0.7361111111111112 0.0515625 0.25555555555555554
14 0.4640625 0.3055555555555556 0.0515625 0.18055555555555555
14 0.4234375 0.4083333333333333 0.0625 0.19166666666666668
14 0.459375 0.5138888888888888 0.0421875 0.21944444444444444
14 0.5140625 0.6388888888888888 0.06875 0.2361111111111111
14 0.75 0.46111111111111114 0.040625 0.24166666666666667
12 0.321875 0.7611111111111111 0.075 0.25
4 0.553125 0.6333333333333333 0.0171875 0.03611111111111111
5 0.4984375 0.4527777777777778 0.0140625 0.027777777777777776
6 0.9421875 0.5888888888888889 0.0203125 0.03611111111111111
7 0.8421875 0.41388888888888886 0.01875 0.030555555555555555
1 0.771875 0.28888888888888886 0.015625 0.025
3 0.759375 0.2638888888888889 0.015625 0.022222222222222223
15 0.66875 0.9055555555555556 0.071875 0.05277777777777778