15 0.6703125 0.9111111111111111 0.065625 0.04722222222222222
13 0.2640625 0.6305555555555555 0.046875 0.2611111111111111
13 0.4359375 0.5944444444444444 0.0734375 0.2361111111111111
13 0.75 0.42777777777777776 0.034375 0.20277777777777778
13 0.834375 0.5944444444444444 0.05625 0.25555555555555554
14 0.334375 0.6388888888888888 0.0546875 0.24722222222222223
14 0.4109375 0.41388888888888886 0.0578125 0.19166666666666668
14 0.634375 0.45 0.0640625 0.20277777777777778
14 0.7359375 0.5166666666666667 0.05625 0.2111111111111111
13 0.4078125 0.39444444444444443 0.025 0.18333333333333332
4 0.671875 0.4861111111111111 0.0171875 0.030555555555555555
5 0.60625 0.6416666666666667 0.0171875 0.03333333333333333
6 0.353125 0.4444444444444444 0.0109375 0.022222222222222223
14 0.5765625 0.6222222222222222 0.05625 0.2388888888888889
2 0.4390625 0.3111111111111111 0.0125 0.022222222222222223
12 0.88125 0.30277777777777776 0.04375 0.17777777777777778
12 0.3671875 0.2916666666666667 0.03125 0.16666666666666666
12 0.5109375 0.7222222222222222 0.046875 0.18611111111111112