13 0.19375 0.45 0.046875 0.18611111111111112
13 0.371875 0.7944444444444444 0.0625 0.24722222222222223
13 0.81875 0.5222222222222223 0.034375 0.18611111111111112
13 0.7828125 0.7 0.046875 0.21388888888888888
14 0.6640625 0.6027777777777777 0.040625 0.19722222222222222
14 0.3125 0.46111111111111114 0.040625 0.18333333333333332
14 0.43125 0.6444444444444445 0.065625 0.23055555555555557
14 0.7640625 0.5111111111111111 0.0328125 0.175
14 0.4015625 0.4888888888888889 0.040625 0.10277777777777777
13 0.3875 0.5111111111111111 0.046875 0.2222222222222222
12 0.259375 0.37222222222222223 0.0359375 0.1638888888888889
12 0.6296875 0.8055555555555556 0.04375 0.21944444444444444
12 0.7359375 0.35555555555555557 0.0265625 0.13333333333333333
3 0.6625 0.39444444444444443 0.0125 0.019444444444444445
1 0.6765625 0.4166666666666667 0.0140625 0.013888888888888888
5 0.4546875 0.55 0.0109375 0.019444444444444445
4 0.51875 0.7 0.0171875 0.016666666666666666
6 0.859375 0.6555555555555556 0.0140625 0.016666666666666666
7 0.75 0.5138888888888888 0.0078125 0.019444444444444445
15 0.884375 0.8472222222222222 0.0390625 0.03888888888888889