13 0.6390625 0.3472222222222222 0.071875 0.21666666666666667
13 0.4484375 0.46944444444444444 0.0921875 0.24722222222222223
13 0.3328125 0.7 0.1265625 0.2861111111111111
13 0.265625 0.2611111111111111 0.0765625 0.19166666666666668
14 0.115625 0.3111111111111111 0.0984375 0.20277777777777778
14 0.6234375 0.6888888888888889 0.096875 0.2861111111111111
12 0.30625 0.2611111111111111 0.053125 0.18611111111111112
15 0.4296875 0.9388888888888889 0.065625 0.05
3 0.6953125 0.31666666666666665 0.0203125 0.025
1 0.715625 0.33611111111111114 0.0171875 0.022222222222222223
7 0.8171875 0.45 0.0296875 0.04722222222222222
6 0.9765625 0.6 0.01875 0.03611111111111111
4 0.5265625 0.6555555555555556 0.0234375 0.05
11 0.16875 0.36666666666666664 0.0234375 0.025