13 0.20625 0.35833333333333334 0.046875 0.175
13 0.353125 0.525 0.0421875 0.22777777777777777
13 0.490625 0.6 0.0484375 0.275
13 0.90625 0.625 0.046875 0.22777777777777777
14 0.7015625 0.5111111111111111 0.053125 0.21666666666666667
14 0.284375 0.39166666666666666 0.0390625 0.16944444444444445
14 0.409375 0.5083333333333333 0.0828125 0.19166666666666668
14 0.53125 0.5388888888888889 0.046875 0.2388888888888889
13 0.415625 0.2972222222222222 0.03125 0.1527777777777778
14 0.409375 0.3333333333333333 0.0328125 0.16666666666666666
12 0.6875 0.31666666666666665 0.0390625 0.16666666666666666
12 0.60625 0.7138888888888889 0.0515625 0.19166666666666668
3 0.590625 0.33055555555555555 0.0125 0.022222222222222223
1 0.6046875 0.35 0.0109375 0.019444444444444445
6 0.8125 0.5666666666666667 0.0171875 0.025
4 0.484375 0.6333333333333333 0.0109375 0.016666666666666666
11 0.190625 0.3861111111111111 0.009375 0.019444444444444445
15 0.428125 0.9388888888888889 0.0546875 0.06111111111111111