15 0.878515625 0.8444444444444444 0.04453125 0.041666666666666664
13 0.033203125 0.44305555555555554 0.04921875 0.23333333333333334
13 0.262109375 0.6916666666666667 0.07421875 0.2777777777777778
13 0.408203125 0.2965277777777778 0.04609375 0.1625
13 0.5890625 0.5875 0.0625 0.24444444444444444
13 0.77421875 0.6791666666666667 0.059375 0.23333333333333334
14 0.275390625 0.42291666666666666 0.07890625 0.15416666666666667
14 0.32421875 0.6930555555555555 0.1234375 0.26944444444444443
14 0.548828125 0.36666666666666664 0.07109375 0.2
14 0.573828125 0.5541666666666667 0.06484375 0.20833333333333334
14 0.7359375 0.6333333333333333 0.0625 0.25555555555555554
4 0.494328125 0.6659999999999999 0.0096328125 0.01551388888888889
5 0.4027421875 0.5002222222222222 0.011898437500000001 0.02013888888888889
6 0.874828125 0.598111111111111 0.0121875 0.020083333333333335
7 0.7318359375 0.44901388888888893 0.010249999999999999 0.01597222222222222
1 0.63634375 0.34825 0.0106640625 0.017
11 0.178484375 0.4078472222222222 0.0105390625 0.016027777777777776
12 0.74453125 0.3416666666666667 0.040625 0.18055555555555555
12 0.6453125 0.7763888888888889 0.053125 0.22777777777777777
3 0.6187734375 0.32890277777777777 0.0098125 0.017125