13 0.668359375 0.3368055555555556 0.04921875 0.1736111111111111
13 0.26953125 0.21875 0.0390625 0.17083333333333334
13 0.444921875 0.3263888888888889 0.04453125 0.19444444444444445
13 0.832421875 0.7222222222222222 0.07421875 0.20833333333333334
14 0.5765625 0.34930555555555554 0.0546875 0.15138888888888888
14 0.48359375 0.49166666666666664 0.0359375 0.23333333333333334
14 0.272265625 0.27291666666666664 0.02890625 0.17916666666666667
14 0.35390625 0.3451388888888889 0.046875 0.19305555555555556
14 0.137109375 0.4888888888888889 0.03828125 0.2388888888888889
12 0.184375 0.7361111111111112 0.0515625 0.23055555555555557
12 0.076953125 0.2520833333333333 0.03671875 0.16527777777777777
15 0.91015625 0.8451388888888889 0.05 0.04861111111111111
8 0.866796875 0.34652777777777777 0.01171875 0.02638888888888889
11 0.3982109375 0.8252916666666668 0.0068515625 0.011624999999999998
4 0.3743203125 0.4375416666666666 0.00640625 0.010791666666666666
5 0.29496875 0.6006527777777778 0.006765625 0.01186111111111111
6 0.0675703125 0.39818055555555554 0.0073203124999999996 0.01173611111111111
2 0.1716796875 0.27205555555555555 0.0054453125 0.008652777777777778
0 0.154390625 0.2923611111111111 0.0064296875000000005 0.009666666666666667
12 0.858984375 0.29097222222222224 0.05390625 0.17083333333333334