13 0.808203125 0.46458333333333335 0.06328125 0.1625
13 0.6359375 0.36319444444444443 0.0296875 0.17916666666666667
13 0.56640625 0.5493055555555556 0.0375 0.1986111111111111
13 0.3484375 0.6701388888888888 0.071875 0.20416666666666666
13 0.418359375 0.5763888888888888 0.03984375 0.19166666666666668
14 0.5875 0.4013888888888889 0.0375 0.14444444444444443
14 0.7484375 0.46805555555555556 0.05 0.17222222222222222
14 0.428515625 0.49166666666666664 0.03046875 0.17222222222222222
14 0.403125 0.5361111111111111 0.040625 0.16666666666666666
14 0.534765625 0.5201388888888889 0.03671875 0.18472222222222223
12 0.5140625 0.7263888888888889 0.04375 0.2
12 0.377734375 0.32430555555555557 0.03203125 0.12638888888888888
12 0.86953125 0.35347222222222224 0.0265625 0.15138888888888888
4 0.60909375 0.49854166666666666 0.007914062500000001 0.013736111111111112
5 0.5468359375 0.6326805555555555 0.01040625 0.017166666666666667
6 0.3547265625 0.45012499999999994 0.008242187500000001 0.014125
7 0.2617578125 0.5741666666666666 0.0094375 0.01473611111111111
2 0.43303125 0.3445138888888889 0.006750000000000001 0.011750000000000002
0 0.41986718749999996 0.3632916666666667 0.007578125 0.01188888888888889
9 0.154390625 0.7156388888888888 0.011960937500000001 0.017374999999999998
15 0.6625 0.9236111111111112 0.046875 0.05
11 0.6407578125 0.8284305555555556 0.0092890625 0.013847222222222223
10 0.7778125 0.4185 0.0050390625 0.008416666666666666