12 0.25 0.41944444444444445 0.0359375 0.16666666666666666
12 0.975 0.39444444444444443 0.05 0.16666666666666666
12 0.48125 0.6777777777777778 0.0484375 0.175
13 0.8625 0.6388888888888888 0.0453125 0.24722222222222223
13 0.4140625 0.38055555555555554 0.0359375 0.16944444444444445
13 0.8 0.3527777777777778 0.03125 0.17222222222222222
13 0.4125 0.6444444444444445 0.0546875 0.18888888888888888
13 0.4671875 0.3111111111111111 0.0375 0.1638888888888889
14 0.6171875 0.44722222222222224 0.0390625 0.18888888888888888
14 0.4609375 0.3611111111111111 0.0328125 0.175
14 0.4234375 0.42777777777777776 0.0328125 0.1638888888888889
14 0.4109375 0.6 0.065625 0.2111111111111111
14 0.7515625 0.6166666666666667 0.0453125 0.21944444444444444
4 0.5890625 0.5 0.0125 0.025
5 0.525 0.6222222222222222 0.015625 0.027777777777777776
6 0.3 0.4666666666666667 0.0109375 0.019444444444444445
7 0.196875 0.5777777777777777 0.01875 0.025
10 0.7734375 0.4111111111111111 0.0125 0.022222222222222223
2 0.384375 0.37222222222222223 0.0140625 0.019444444444444445
0 0.371875 0.3861111111111111 0.0109375 0.019444444444444445
15 0.66875 0.9083333333333333 0.0671875 0.03888888888888889