13 0.26640625 0.5930555555555556 0.065625 0.25555555555555554
13 0.236328125 0.47430555555555554 0.09453125 0.20416666666666666
13 0.59453125 0.4340277777777778 0.05625 0.2569444444444444
13 0.563671875 0.79375 0.08046875 0.2652777777777778
14 0.47578125 0.4666666666666667 0.0625 0.2388888888888889
14 0.666796875 0.44305555555555554 0.08359375 0.23333333333333334
14 0.744140625 0.7381944444444445 0.11171875 0.2708333333333333
12 0.32578125 0.30416666666666664 0.059375 0.20833333333333334
12 0.76328125 0.8236111111111111 0.0515625 0.1361111111111111
15 0.824609375 0.9291666666666667 0.03515625 0.041666666666666664
4 0.441796875 0.5090277777777777 0.01796875 0.02361111111111111
2 0.179296875 0.3263888888888889 0.01796875 0.025
0 0.162890625 0.35138888888888886 0.01796875 0.022222222222222223
6 0.0661484375 0.471625 0.015265625 0.021180555555555557
11 0.5031171875 0.9200694444444445 0.0111015625 0.016916666666666667
5 0.3613671875 0.6840972222222222 0.015078125000000001 0.024013888888888887