14 0.562109375 0.2951388888888889 0.03359375 0.14305555555555555
14 0.20625 0.5513888888888889 0.05625 0.23055555555555557
14 0.7765625 0.325 0.053125 0.1361111111111111
14 0.809375 0.4201388888888889 0.03125 0.20694444444444443
14 0.8452187500000001 0.5152777777777777 0.0578125 0.2361111111111111
13 0.688671875 0.34444444444444444 0.04453125 0.1527777777777778
13 0.427734375 0.43472222222222223 0.03203125 0.19722222222222222
13 0.523046875 0.3284722222222222 0.03828125 0.16527777777777777
13 0.638671875 0.44930555555555557 0.03984375 0.20416666666666666
13 0.75234375 0.46458333333333335 0.05 0.2013888888888889
12 0.953515625 0.2916666666666667 0.05859375 0.17777777777777778
12 0.45625 0.6076388888888888 0.0484375 0.1986111111111111
12 0.32421875 0.30833333333333335 0.034375 0.1638888888888889
5 0.5503828125 0.5617361111111111 0.0067890625 0.009958333333333333
6 0.3383984375 0.4026666666666667 0.006765625 0.01125
7 0.2330859375 0.5120416666666667 0.006515625 0.010833333333333334
2 0.42630468749999995 0.30875 0.0046875 0.008013888888888888
0 0.41214843749999996 0.3242777777777778 0.0054375 0.00986111111111111
1 0.10997656250000001 0.6410416666666667 0.006078125 0.00963888888888889
1 0.428515625 0.9347222222222222 0.05234375 0.05277777777777778
4 0.6198125 0.44156944444444446 0.0051953125 0.008125