14 0.508984375 0.29305555555555557 0.04609375 0.1361111111111111
14 0.213671875 0.3472222222222222 0.04296875 0.1638888888888889
14 0.266015625 0.46458333333333335 0.06328125 0.17083333333333334
14 0.321921875 0.6 0.046875 0.18888888888888888
14 0.70234375 0.6215277777777778 0.0734375 0.19305555555555556
13 0.603515625 0.39652777777777776 0.04609375 0.15694444444444444
13 0.385546875 0.3861111111111111 0.04140625 0.1638888888888889
13 0.362109375 0.49722222222222223 0.04296875 0.19166666666666668
13 0.57265625 0.5416666666666666 0.040625 0.20277777777777778
13 0.64453125 0.5888888888888889 0.0609375 0.2111111111111111
12 0.345703125 0.2951388888888889 0.03359375 0.1486111111111111
12 0.315625 0.7631944444444444 0.05625 0.22083333333333333
12 0.961328125 0.6298611111111111 0.03203125 0.22361111111111112
15 0.8671875 0.8847222222222222 0.04375 0.03888888888888889
5 0.390234375 0.4909722222222222 0.01171875 0.020833333333333332
7 0.674 0.44254166666666667 0.0079375 0.01359722222222222
6 0.780859375 0.5730972222222223 0.0105703125 0.017222222222222222
11 0.2016484375 0.4041666666666667 0.007640625 0.011805555555555555
3 0.5852031249999999 0.3342222222222222 0.01565625 0.01926388888888889
10 0.35531250000000003 0.831875 0.00809375 0.013333333333333332
4 0.4598046875 0.6291805555555555 0.013367187499999999 0.01947222222222222
0 0.9025000000000001 0.7216250000000001 0.010249999999999999 0.01498611111111111