13 0.5828125 0.3611111111111111 0.1125 0.24166666666666667
13 0.5234375 0.5 0.0796875 0.24444444444444444
13 0.94375 0.4 0.0890625 0.21666666666666667
13 0.434375 0.6555555555555556 0.1 0.2861111111111111
13 0.453125 0.8222222222222222 0.140625 0.30277777777777776
12 0.5828125 0.8333333333333334 0.1078125 0.25277777777777777
12 0.903125 0.2861111111111111 0.0609375 0.2111111111111111
14 0.4328125 0.4166666666666667 0.103125 0.25277777777777777
14 0.6859375 0.38333333333333336 0.065625 0.21666666666666667
14 0.6515625 0.6916666666666667 0.1296875 0.2861111111111111
15 0.8828125 0.8805555555555555 0.046875 0.044444444444444446
5 0.578125 0.5111111111111111 0.025 0.03888888888888889
4 0.675 0.7 0.0234375 0.03611111111111111
11 0.309375 0.3638888888888889 0.0296875 0.03611111111111111
3 0.878125 0.3138888888888889 0.0203125 0.030555555555555555