13 0.176953125 0.40694444444444444 0.06171875 0.19166666666666668
13 0.290625 0.5673611111111111 0.0671875 0.21805555555555556
13 0.301171875 0.46805555555555556 0.08203125 0.2
13 0.55078125 0.2465277777777778 0.0484375 0.15138888888888888
13 0.857421875 0.6479166666666667 0.06484375 0.2125
14 0.51171875 0.3638888888888889 0.059375 0.1527777777777778
14 0.217578125 0.5326388888888889 0.07578125 0.18472222222222223
14 0.390625 0.5402777777777777 0.1296875 0.17777777777777778
14 0.72890625 0.5361111111111111 0.05625 0.2111111111111111
14 0.317578125 0.41388888888888886 0.07265625 0.17777777777777778
12 0.570703125 0.7006944444444444 0.04921875 0.21805555555555556
12 0.054296875 0.29444444444444445 0.04453125 0.16666666666666666
12 0.73046875 0.30486111111111114 0.0421875 0.16805555555555557
11 0.2372421875 0.36344444444444446 0.0102109375 0.016444444444444446
3 0.632890625 0.29356944444444444 0.006953125 0.012263888888888888
0 0.9643124999999999 0.6979166666666666 0.011171875000000001 0.018152777777777778
1 0.647546875 0.3119722222222222 0.006929687499999999 0.011583333333333333
4 0.500703125 0.5955 0.01003125 0.017486111111111112
5 0.42774999999999996 0.4512083333333333 0.0106171875 0.014361111111111111
6 0.834578125 0.5418333333333334 0.0086796875 0.012291666666666666
7 0.723625 0.40730555555555553 0.008265625 0.014041666666666666
15 0.865234375 0.8847222222222222 0.04296875 0.044444444444444446
10 0.3924140625 0.8017083333333334 0.010328125 0.01651388888888889