13 0.8234375 0.48333333333333334 0.0671875 0.19166666666666668
13 0.55625 0.25555555555555554 0.0453125 0.17222222222222222
13 0.5484375 0.3611111111111111 0.0375 0.2
13 0.134375 0.6805555555555556 0.08125 0.2638888888888889
13 0.4625 0.6555555555555556 0.09375 0.24722222222222223
14 0.503125 0.38055555555555554 0.0546875 0.20277777777777778
14 0.578125 0.4361111111111111 0.0546875 0.23055555555555557
14 0.746875 0.5027777777777778 0.090625 0.2111111111111111
14 0.3421875 0.6222222222222222 0.0953125 0.18611111111111112
14 0.4875 0.6138888888888889 0.078125 0.24444444444444444
12 0.4546875 0.7805555555555556 0.0609375 0.2361111111111111
12 0.3203125 0.3055555555555556 0.0390625 0.17222222222222222
4 0.6703125 0.49722222222222223 0.0203125 0.03888888888888889
5 0.5859375 0.6638888888888889 0.021875 0.03888888888888889
6 0.3265625 0.44166666666666665 0.0203125 0.03333333333333333
7 0.2015625 0.5972222222222222 0.01875 0.03333333333333333
0 0.415625 0.3333333333333333 0.0171875 0.030555555555555555
1 0.059375 0.775 0.015625 0.027777777777777776
2 0.43125 0.30833333333333335 0.0140625 0.022222222222222223
10 0.9078125 0.36944444444444446 0.015625 0.027777777777777776
15 0.8765625 0.8444444444444444 0.05 0.041666666666666664