13 0.83203125 0.4027777777777778 0.065625 0.21944444444444444
13 0.723828125 0.6805555555555556 0.06171875 0.3
13 0.2328125 0.6479166666666667 0.0609375 0.24027777777777778
13 0.498828125 0.46319444444444446 0.06796875 0.2375
13 0.584375 0.21944444444444444 0.0375 0.18055555555555555
14 0.530859375 0.2916666666666667 0.04453125 0.13055555555555556
14 0.38984375 0.5666666666666667 0.065625 0.20277777777777778
14 0.659375 0.5048611111111111 0.05 0.2125
14 0.687890625 0.43194444444444446 0.06171875 0.18611111111111112
14 0.6859375 0.64375 0.0609375 0.2652777777777778
12 0.907421875 0.26944444444444443 0.03828125 0.17777777777777778
12 0.4453125 0.7236111111111111 0.04375 0.22777777777777777
12 0.183984375 0.4326388888888889 0.03671875 0.19583333333333333
4 0.6809140625000001 0.4488055555555555 0.0062109375 0.010763888888888889
5 0.594078125 0.6085833333333334 0.0057578125 0.010125
6 0.3821640625 0.38433333333333336 0.007015625 0.012277777777777778
7 0.25940625 0.5247638888888889 0.00846875 0.01323611111111111
0 0.467765625 0.28597222222222224 0.006992187499999999 0.011222222222222222
1 0.11651562499999998 0.6881527777777778 0.0079375 0.014152777777777776
2 0.48429687499999996 0.2671805555555556 0.0066953125 0.01161111111111111
3 0.078015625 0.7328611111111111 0.008359374999999999 0.015347222222222224
11 0.6950234375 0.8525555555555556 0.006687500000000001 0.01163888888888889
15 0.90703125 0.8465277777777778 0.0484375 0.05138888888888889
10 0.8920390625 0.3627638888888889 0.0063437499999999996 0.011972222222222221