14 0.1 0.5944444444444444 0.0609375 0.09722222222222222
13 0.159375 0.48055555555555557 0.0515625 0.14444444444444443
13 0.23125 0.6055555555555555 0.0515625 0.21388888888888888
13 0.603125 0.38055555555555554 0.0296875 0.15555555555555556
13 0.84375 0.5888888888888889 0.0546875 0.16944444444444445
13 0.84375 0.6916666666666667 0.0515625 0.12777777777777777
14 0.31875 0.5888888888888889 0.0578125 0.2
14 0.578125 0.4583333333333333 0.0390625 0.1527777777777778
14 0.775 0.5583333333333333 0.034375 0.20277777777777778
14 0.709375 0.6277777777777778 0.034375 0.21388888888888888
12 0.646875 0.7916666666666666 0.0453125 0.18888888888888888
12 0.1109375 0.37222222222222223 0.040625 0.16111111111111112
12 0.775 0.4083333333333333 0.025 0.125
11 0.30625 0.4388888888888889 0.0171875 0.025
4 0.55 0.6833333333333333 0.0140625 0.027777777777777776
5 0.4875 0.5444444444444444 0.01875 0.027777777777777776
6 0.865625 0.6555555555555556 0.015625 0.027777777777777776
1 0.69375 0.42777777777777776 0.0140625 0.025
3 0.678125 0.4111111111111111 0.015625 0.030555555555555555
0 0.984375 0.8055555555555556 0.0171875 0.027777777777777776
10 0.459375 0.9138888888888889 0.021875 0.03333333333333333
9 0.0265625 0.45555555555555555 0.0125 0.022222222222222223
7 0.7609375 0.5222222222222223 0.0109375 0.022222222222222223
15 0.865625 0.8861111111111111 0.04375 0.03888888888888889