13 0.8046875 0.4222222222222222 0.04375 0.21944444444444444
13 0.821875 0.6611111111111111 0.040625 0.2638888888888889
13 0.4453125 0.5361111111111111 0.075 0.2222222222222222
13 0.240625 0.36944444444444446 0.0375 0.21388888888888888
13 0.10625 0.7111111111111111 0.0765625 0.2861111111111111
14 0.6203125 0.4888888888888889 0.0328125 0.20555555555555555
14 0.5875 0.6194444444444445 0.0453125 0.2388888888888889
14 0.390625 0.4777777777777778 0.0515625 0.20833333333333334
14 0.234375 0.49722222222222223 0.053125 0.20555555555555555
14 0.1578125 0.6277777777777778 0.0515625 0.26666666666666666
12 0.78125 0.7888888888888889 0.059375 0.225
12 0.55 0.32222222222222224 0.046875 0.19722222222222222
10 0.69375 0.43333333333333335 0.0125 0.019444444444444445
4 0.4796875 0.5444444444444444 0.0140625 0.030555555555555555
5 0.4109375 0.6833333333333333 0.01875 0.030555555555555555
6 0.134375 0.5083333333333333 0.01875 0.030555555555555555
7 0.015625 0.6472222222222223 0.015625 0.019444444444444445
2 0.228125 0.3861111111111111 0.015625 0.027777777777777776
0 0.2140625 0.4083333333333333 0.015625 0.025
15 0.428125 0.9333333333333333 0.046875 0.05277777777777778