13 0.3375 0.375 0.0671875 0.17777777777777778
13 0.1125 0.5111111111111111 0.05625 0.225
13 0.2875 0.6111111111111112 0.0890625 0.25277777777777777
13 0.440625 0.7722222222222223 0.0765625 0.2777777777777778
13 0.9265625 0.7111111111111111 0.0828125 0.2638888888888889
14 0.66875 0.46111111111111114 0.06875 0.2611111111111111
14 0.4828125 0.5916666666666667 0.040625 0.2611111111111111
14 0.365625 0.5333333333333333 0.0546875 0.2611111111111111
14 0.26875 0.375 0.0765625 0.20277777777777778
14 0.196875 0.4722222222222222 0.0890625 0.225
12 0.671875 0.7972222222222223 0.0578125 0.23333333333333334
12 0.075 0.25555555555555554 0.0359375 0.21388888888888888
12 0.75 0.2388888888888889 0.0359375 0.16944444444444445
4 0.49375 0.6611111111111111 0.021875 0.03611111111111111
5 0.409375 0.48055555555555557 0.0234375 0.03888888888888889
6 0.8921875 0.5861111111111111 0.025 0.03888888888888889
7 0.7625 0.4166666666666667 0.0203125 0.030555555555555555
11 0.1703125 0.33611111111111114 0.01875 0.030555555555555555
3 0.6546875 0.2638888888888889 0.0171875 0.025
1 0.671875 0.29444444444444445 0.01875 0.03611111111111111
15 0.428125 0.9333333333333333 0.0546875 0.044444444444444446