14 0.33828125 0.37430555555555556 0.0671875 0.17916666666666667
14 0.112109375 0.5097222222222222 0.05703125 0.225
14 0.28828125 0.6097222222222223 0.0890625 0.25277777777777777
14 0.440625 0.7722222222222223 0.0765625 0.2777777777777778
14 0.926953125 0.7118055555555556 0.08359375 0.2652777777777778
13 0.668359375 0.4618055555555556 0.06953125 0.2625
13 0.4828125 0.5923611111111111 0.040625 0.2625
13 0.365625 0.5340277777777778 0.0546875 0.2625
13 0.269140625 0.375 0.07734375 0.20277777777777778
13 0.197265625 0.47291666666666665 0.08984375 0.2263888888888889
12 0.671484375 0.7979166666666667 0.05859375 0.23472222222222222
12 0.07578125 0.25416666666666665 0.0359375 0.21388888888888888
12 0.749609375 0.23819444444444443 0.03671875 0.17083333333333334
4 0.49282812500000006 0.663513888888889 0.014124999999999999 0.025916666666666668
6 0.8936640625000001 0.5899305555555555 0.017460937500000002 0.02613888888888889
7 0.76471875 0.4171111111111111 0.011703125 0.017166666666666667
11 0.17806249999999998 0.36491666666666667 0.013015625 0.018833333333333334
3 0.6564062500000001 0.26687500000000003 0.009156250000000001 0.016708333333333332
1 0.673453125 0.290875 0.0127265625 0.019805555555555555
15 0.428125 0.9340277777777778 0.0546875 0.04583333333333333
5 0.4088671875 0.47691666666666666 0.0156875 0.0255