13 0.19453125 0.45 0.046875 0.18611111111111112
13 0.371484375 0.7951388888888888 0.06328125 0.24861111111111112
13 0.81953125 0.5229166666666667 0.034375 0.1875
13 0.782421875 0.7013888888888888 0.04765625 0.21388888888888888
14 0.6640625 0.6034722222222222 0.040625 0.1986111111111111
14 0.31171875 0.4618055555555556 0.040625 0.18472222222222223
14 0.43203125 0.6458333333333334 0.065625 0.23055555555555557
14 0.764453125 0.5118055555555555 0.03359375 0.1763888888888889
14 0.401171875 0.4895833333333333 0.04140625 0.10416666666666667
13 0.3875 0.5111111111111111 0.046875 0.2222222222222222
12 0.26015625 0.3715277777777778 0.0359375 0.16527777777777777
12 0.630078125 0.8041666666666667 0.04453125 0.21944444444444444
12 0.735546875 0.3541666666666667 0.02734375 0.13333333333333333
3 0.66328125 0.3951388888888889 0.0125 0.020833333333333332
1 0.676953125 0.4152777777777778 0.01484375 0.013888888888888888
5 0.4546875 0.5513888888888889 0.0109375 0.019444444444444445
6 0.85859375 0.6555555555555556 0.0140625 0.016666666666666666
7 0.7502421874999999 0.5137083333333333 0.008968750000000001 0.01970833333333333
15 0.8837890625 0.8468472222222222 0.039625 0.03981944444444445
11 0.26764062499999997 0.458125 0.0073046874999999995 0.012916666666666668
10 0.40358593750000005 0.9000138888888889 0.009726562499999999 0.015361111111111112
4 0.518859375 0.7004027777777778 0.011835937500000001 0.017458333333333333