13 0.1265625 0.5944444444444444 0.0515625 0.25555555555555554
13 0.1875 0.3972222222222222 0.0546875 0.21944444444444444
13 0.5375 0.35555555555555557 0.0359375 0.18611111111111112
13 0.759375 0.575 0.046875 0.275
13 0.934375 0.7416666666666667 0.078125 0.28888888888888886
14 0.315625 0.5527777777777778 0.0625 0.24444444444444444
14 0.453125 0.36944444444444446 0.05625 0.19166666666666668
14 0.5609375 0.38055555555555554 0.05625 0.19166666666666668
14 0.6890625 0.6027777777777777 0.0546875 0.25555555555555554
14 0.721875 0.5416666666666666 0.040625 0.25277777777777777
12 0.246875 0.8611111111111112 0.0453125 0.275
12 0.925 0.5777777777777777 0.0515625 0.225
12 0.3671875 0.3333333333333333 0.0421875 0.18333333333333332
4 0.45 0.75 0.0203125 0.03888888888888889
5 0.3703125 0.5833333333333334 0.0171875 0.027777777777777776
6 0.8546875 0.6888888888888889 0.0234375 0.03611111111111111
11 0.13125 0.4666666666666667 0.015625 0.025
1 0.6421875 0.4361111111111111 0.0171875 0.022222222222222223
3 0.6265625 0.4111111111111111 0.0203125 0.025
15 0.6875 0.8805555555555555 0.05 0.075