13 0.9046875 0.55 0.06875 0.2111111111111111
13 0.378125 0.31666666666666665 0.040625 0.18888888888888888
13 0.265625 0.4722222222222222 0.0453125 0.21388888888888888
14 0.3328125 0.4361111111111111 0.040625 0.21666666666666667
14 0.23125 0.5083333333333333 0.0578125 0.17777777777777778
14 0.2078125 0.6222222222222222 0.059375 0.2222222222222222
14 0.38125 0.5222222222222223 0.0484375 0.2111111111111111
13 0.3796875 0.5722222222222222 0.096875 0.23055555555555557
13 0.15625 0.6555555555555556 0.0546875 0.25555555555555554
12 0.7296875 0.34444444444444444 0.0390625 0.19166666666666668
12 0.34375 0.7555555555555555 0.0515625 0.19444444444444445
12 0.178125 0.36666666666666664 0.0375 0.18888888888888888
4 0.5265625 0.5527777777777778 0.015625 0.030555555555555555
5 0.45 0.7055555555555556 0.021875 0.030555555555555555
6 0.18125 0.5111111111111111 0.0203125 0.030555555555555555
7 0.05625 0.6555555555555556 0.0171875 0.041666666666666664
10 0.753125 0.4361111111111111 0.0171875 0.03333333333333333
2 0.28125 0.38333333333333336 0.015625 0.027777777777777776
15 0.690625 0.8833333333333333 0.05 0.06111111111111111