14 0.818359375 0.40347222222222223 0.04140625 0.15694444444444444
14 0.842578125 0.5291666666666667 0.07734375 0.2111111111111111
14 0.240234375 0.5097222222222222 0.03828125 0.19722222222222222
14 0.1828125 0.5673611111111111 0.040625 0.24305555555555555
14 0.21171875 0.6493055555555556 0.059375 0.23194444444444445
13 0.6984375 0.47847222222222224 0.0609375 0.19583333333333333
13 0.778125 0.4097222222222222 0.0375 0.16666666666666666
13 0.328515625 0.48055555555555557 0.04765625 0.18888888888888888
13 0.44609375 0.5361111111111111 0.034375 0.2111111111111111
13 0.2734375 0.51875 0.0390625 0.21805555555555556
12 0.4625 0.6826388888888889 0.053125 0.16527777777777777
12 0.330859375 0.33055555555555555 0.03359375 0.1361111111111111
4 0.6080546874999999 0.5172083333333333 0.0095 0.015458333333333334
5 0.54434375 0.6427361111111111 0.00984375 0.017097222222222222
6 0.3074296875 0.48177777777777775 0.0085 0.014722222222222222
2 0.3960078125 0.3849722222222222 0.010562499999999999 0.01538888888888889
0 0.38177343750000003 0.4005 0.0099765625 0.017736111111111112
15 0.6720078125 0.911375 0.066984375 0.051861111111111115
10 0.794421875 0.4429166666666666 0.00821875 0.014430555555555556