13 0.933203125 0.4798611111111111 0.04296875 0.20416666666666666
14 0.64375 0.3680555555555556 0.05 0.15833333333333333
14 0.62109375 0.4979166666666667 0.05625 0.19583333333333333
14 0.713765625 0.7569444444444444 0.06171875 0.2916666666666667
14 0.484765625 0.7868055555555555 0.07734375 0.24861111111111112
13 0.58359375 0.3875 0.0671875 0.14722222222222223
13 0.594140625 0.46319444444444446 0.03515625 0.1986111111111111
13 0.7734375 0.4979166666666667 0.0375 0.1875
13 0.54921875 0.6388888888888888 0.0515625 0.24444444444444444
13 0.4953125 0.6215277777777778 0.065625 0.24305555555555555
4 0.701375 0.5930972222222222 0.00803125 0.012388888888888889
5 0.6233671875 0.7554305555555555 0.00871875 0.011569444444444445
6 0.3810390625 0.5380972222222222 0.007593750000000001 0.010055555555555555
7 0.2609375 0.6849861111111111 0.0084296875 0.012638888888888889
0 0.46363281250000005 0.43819444444444444 0.006453125 0.010291666666666668
1 0.11874218750000001 0.8585416666666666 0.009984375 0.01813888888888889
2 0.479796875 0.41725 0.00609375 0.009875
15 0.428125 0.9361111111111111 0.0578125 0.05277777777777778
10 0.9145 0.5005833333333334 0.0058359375 0.010527777777777778