13 0.740625 0.23333333333333334 0.0953125 0.29444444444444445
13 0.671875 0.33611111111111114 0.11875 0.21944444444444444
13 0.703125 0.5333333333333333 0.165625 0.25833333333333336
13 0.5015625 0.6888888888888889 0.1265625 0.26944444444444443
13 0.06875 0.20555555555555555 0.1359375 0.24166666666666667
14 0.2234375 0.23333333333333334 0.1421875 0.2361111111111111
14 0.4625 0.3527777777777778 0.1328125 0.28055555555555556
14 0.2671875 0.725 0.146875 0.35833333333333334
14 0.7875 0.22777777777777777 0.0984375 0.2388888888888889
4 0.5484375 0.6388888888888888 0.0234375 0.03888888888888889
5 0.4328125 0.4111111111111111 0.0265625 0.03611111111111111
6 0.8859375 0.3277777777777778 0.028125 0.041666666666666664
15 0.428125 0.9361111111111111 0.05 0.05277777777777778