14 0.11484375 0.6416666666666667 0.0640625 0.21944444444444444
14 0.321484375 0.49444444444444446 0.03828125 0.18333333333333332
14 0.44453125 0.375 0.03125 0.13055555555555556
14 0.65390625 0.6215277777777778 0.05 0.22361111111111112
14 0.8859375 0.5965277777777778 0.0453125 0.20972222222222223
13 0.244140625 0.6201388888888889 0.05078125 0.2125
13 0.398828125 0.5104166666666666 0.06015625 0.1736111111111111
13 0.464453125 0.4201388888888889 0.02734375 0.15694444444444444
13 0.5609375 0.5604166666666667 0.040625 0.20972222222222223
13 0.810546875 0.5541666666666667 0.04140625 0.19166666666666668
12 0.1921875 0.7520833333333333 0.046875 0.23472222222222222
12 0.38203125 0.36319444444444443 0.0328125 0.12916666666666668
12 0.915625 0.5229166666666667 0.0296875 0.17083333333333334
15 0.670703125 0.9076388888888889 0.06796875 0.043055555555555555
3 0.616921875 0.40745833333333337 0.0078359375 0.01161111111111111
1 0.6301249999999999 0.41970833333333335 0.007890625 0.011208333333333334
7 0.700078125 0.4836944444444444 0.00978125 0.016416666666666666
5 0.45625 0.5138888888888888 0.0140625 0.027777777777777776
4 0.519921875 0.6161527777777778 0.0077421875 0.01225
11 0.2972734375 0.45063888888888887 0.005554687500000001 0.009513888888888888