13 0.8234375 0.4847222222222222 0.0671875 0.19166666666666668
13 0.55546875 0.25416666666666665 0.0453125 0.17222222222222222
13 0.548046875 0.36041666666666666 0.03828125 0.2013888888888889
13 0.134765625 0.6805555555555556 0.08203125 0.2638888888888889
13 0.462109375 0.6555555555555556 0.09453125 0.24722222222222223
14 0.50234375 0.3798611111111111 0.0546875 0.20416666666666666
14 0.578515625 0.4361111111111111 0.05546875 0.23055555555555557
14 0.746484375 0.5034722222222222 0.09140625 0.2125
14 0.342578125 0.6229166666666667 0.09609375 0.1875
14 0.48828125 0.6131944444444445 0.078125 0.24583333333333332
12 0.454296875 0.7805555555555556 0.06171875 0.2361111111111111
12 0.320703125 0.30625 0.03984375 0.1736111111111111
4 0.67 0.4958472222222222 0.0070078125 0.010291666666666668
5 0.5894999999999999 0.6626527777777778 0.0079609375 0.012208333333333331
6 0.3278671875 0.4415833333333333 0.0082734375 0.013138888888888891
7 0.20368750000000002 0.5980416666666666 0.0085390625 0.013791666666666666
0 0.41345312500000003 0.3319583333333333 0.0063593750000000004 0.010194444444444443
1 0.060109375 0.7756944444444445 0.009765625 0.016944444444444443
2 0.42970312499999996 0.3102638888888889 0.00571875 0.008472222222222221
15 0.876953125 0.8451388888888889 0.05078125 0.043055555555555555
10 0.8972109375 0.3942083333333333 0.0074375 0.010722222222222222