13 0.24375 0.5916666666666667 0.0859375 0.24166666666666667
13 0.4078125 0.42777777777777776 0.0734375 0.2111111111111111
13 0.5125 0.35555555555555557 0.0578125 0.21388888888888888
13 0.921875 0.39166666666666666 0.053125 0.2388888888888889
14 0.546875 0.5694444444444444 0.0515625 0.2361111111111111
14 0.9578125 0.45 0.06875 0.2361111111111111
12 0.1078125 0.33055555555555555 0.0453125 0.19166666666666668
8 0.64375 0.39166666666666666 0.0203125 0.030555555555555555
11 0.3203125 0.38333333333333336 0.0140625 0.025
10 0.9890625 0.39444444444444443 0.0140625 0.030555555555555555
15 0.6890625 0.8833333333333333 0.0515625 0.05277777777777778
4 0.0984375 0.5111111111111111 0.0265625 0.04722222222222222
5 0.0203125 0.675 0.025 0.04722222222222222