14 0.6453125 0.6569444444444444 0.0875 0.26944444444444443
14 0.457421875 0.3034722222222222 0.10390625 0.26805555555555555
14 0.78125 0.3909722222222222 0.103125 0.26805555555555555
14 0.20234375 0.18472222222222223 0.1125 0.2361111111111111
14 0.116015625 0.7284722222222222 0.14609375 0.3541666666666667
12 0.35078125 0.7652777777777777 0.1 0.28055555555555556
12 0.765625 0.11458333333333333 0.0484375 0.20694444444444443
13 0.83984375 0.44305555555555554 0.1046875 0.25277777777777777
13 0.24140625 0.5395833333333333 0.1140625 0.30416666666666664
13 0.511328125 0.47291666666666665 0.09921875 0.23472222222222222
15 0.427734375 0.9347222222222222 0.05390625 0.05
5 0.4066875 0.37590277777777775 0.0125859375 0.01916666666666667
7 0.80296875 0.31009722222222225 0.0111015625 0.018250000000000002
1 0.6857031250000001 0.18808333333333332 0.010953125 0.014263888888888888
3 0.6646640625 0.16616666666666666 0.0134453125 0.020944444444444446
11 0.13678125000000002 0.26083333333333336 0.0079453125 0.015652777777777776
6 0.9734999999999999 0.4872916666666667 0.014859375 0.023500000000000004