12 0.059375 0.2777777777777778 0.059375 0.18888888888888888
12 0.8234375 0.24722222222222223 0.03125 0.175
12 0.690625 0.7027777777777777 0.0515625 0.225
13 0.1828125 0.48055555555555557 0.0546875 0.2388888888888889
13 0.3640625 0.4111111111111111 0.059375 0.19444444444444445
13 0.565625 0.21388888888888888 0.0328125 0.16666666666666666
13 0.696875 0.5111111111111111 0.040625 0.23333333333333334
13 0.9 0.6055555555555555 0.0796875 0.2611111111111111
14 0.3015625 0.4777777777777778 0.0546875 0.2111111111111111
14 0.41875 0.42777777777777776 0.0671875 0.18888888888888888
14 0.5375 0.3277777777777778 0.0484375 0.1638888888888889
14 0.75 0.5333333333333333 0.0609375 0.21944444444444444
14 0.653125 0.5333333333333333 0.046875 0.22777777777777777
11 0.4578125 0.8527777777777777 0.0140625 0.030555555555555555
10 0.2765625 0.3111111111111111 0.015625 0.022222222222222223
4 0.5625 0.5916666666666667 0.0140625 0.03333333333333333
5 0.4890625 0.43333333333333335 0.0203125 0.027777777777777776
6 0.9265625 0.5333333333333333 0.01875 0.027777777777777776
7 0.809375 0.3888888888888889 0.0171875 0.03611111111111111
1 0.7265625 0.2833333333333333 0.0109375 0.022222222222222223
3 0.7109375 0.2638888888888889 0.0171875 0.022222222222222223
15 0.671875 0.9111111111111111 0.0625 0.03888888888888889