13 0.8078125 0.4638888888888889 0.0625 0.16111111111111112
13 0.6359375 0.3638888888888889 0.0296875 0.17777777777777778
13 0.565625 0.55 0.0375 0.19722222222222222
13 0.3484375 0.6694444444444444 0.071875 0.20277777777777778
13 0.41875 0.5777777777777777 0.0390625 0.19166666666666668
14 0.5875 0.4 0.0375 0.14444444444444443
14 0.7484375 0.4666666666666667 0.05 0.17222222222222222
14 0.428125 0.49166666666666664 0.0296875 0.17222222222222222
14 0.403125 0.5361111111111111 0.040625 0.16666666666666666
14 0.534375 0.5194444444444445 0.0359375 0.18333333333333332
12 0.5140625 0.7277777777777777 0.04375 0.2
12 0.378125 0.325 0.03125 0.125
12 0.86875 0.3527777777777778 0.0265625 0.15
4 0.609375 0.5 0.0140625 0.030555555555555555
5 0.546875 0.6305555555555555 0.015625 0.03333333333333333
6 0.35625 0.4527777777777778 0.0171875 0.03333333333333333
7 0.2609375 0.575 0.0140625 0.025
2 0.434375 0.34444444444444444 0.0171875 0.025
0 0.4203125 0.3611111111111111 0.0140625 0.019444444444444445
1 0.1546875 0.7166666666666667 0.0203125 0.030555555555555555
15 0.6625 0.9222222222222223 0.046875 0.05