13 0.075 0.6027777777777777 0.053125 0.2611111111111111
13 0.5671875 0.6694444444444444 0.065625 0.2833333333333333
13 0.3546875 0.36666666666666664 0.034375 0.16944444444444445
13 0.4640625 0.3055555555555556 0.028125 0.14166666666666666
14 0.40625 0.4166666666666667 0.04375 0.17777777777777778
14 0.465625 0.375 0.025 0.15833333333333333
14 0.25 0.5527777777777778 0.0421875 0.2388888888888889
14 0.6984375 0.5138888888888888 0.0515625 0.20833333333333334
14 0.515625 0.6166666666666667 0.0765625 0.2361111111111111
12 0.334375 0.6833333333333333 0.040625 0.21944444444444444
12 0.9625 0.37222222222222223 0.05 0.18055555555555555
12 0.26875 0.3388888888888889 0.03125 0.14166666666666666
15 0.675 0.9083333333333333 0.09375 0.041666666666666664
6 0.284375 0.44722222222222224 0.015625 0.016666666666666666
7 0.1359375 0.5527777777777778 0.0125 0.016666666666666666
5 0.4671875 0.625 0.015625 0.022222222222222223
4 0.578125 0.5 0.0171875 0.013888888888888888
10 0.803125 0.42777777777777776 0.0171875 0.013888888888888888
13 0.7625 0.4861111111111111 0.059375 0.2