13 0.871875 0.3416666666666667 0.0515625 0.19166666666666668
13 0.759375 0.5388888888888889 0.0828125 0.20555555555555555
13 0.659375 0.5111111111111111 0.0625 0.21944444444444444
13 0.6640625 0.26944444444444443 0.0484375 0.20277777777777778
13 0.13125 0.5472222222222223 0.0546875 0.2611111111111111
14 0.2609375 0.48055555555555557 0.071875 0.2222222222222222
14 0.58125 0.3138888888888889 0.053125 0.19166666666666668
14 0.7078125 0.375 0.0359375 0.19444444444444445
14 0.678125 0.48333333333333334 0.0609375 0.18611111111111112
14 0.603125 0.55 0.075 0.2111111111111111
12 0.353125 0.7 0.053125 0.2111111111111111
12 0.271875 0.28888888888888886 0.0296875 0.14444444444444443
12 0.8765625 0.2722222222222222 0.034375 0.1527777777777778
4 0.559375 0.45555555555555555 0.0125 0.022222222222222223
5 0.4703125 0.6083333333333333 0.0140625 0.025
2 0.359375 0.28888888888888886 0.0109375 0.019444444444444445
0 0.340625 0.3111111111111111 0.0171875 0.022222222222222223
10 0.775 0.34444444444444444 0.0125 0.019444444444444445
15 0.428125 0.9361111111111111 0.05 0.044444444444444446