13 0.0703125 0.4638888888888889 0.06875 0.20555555555555555
13 0.01875 0.7277777777777777 0.0375 0.25555555555555554
13 0.2953125 0.6944444444444444 0.0453125 0.25277777777777777
13 0.365625 0.35555555555555557 0.0546875 0.15833333333333333
13 0.7296875 0.6944444444444444 0.0609375 0.225
14 0.1953125 0.5722222222222222 0.0578125 0.25555555555555554
14 0.3875 0.4388888888888889 0.0546875 0.21388888888888888
14 0.46875 0.3888888888888889 0.065625 0.175
14 0.5328125 0.5111111111111111 0.05 0.21944444444444444
14 0.6828125 0.6305555555555555 0.059375 0.2111111111111111
12 0.0875 0.8361111111111111 0.053125 0.2388888888888889
12 0.959375 0.55 0.0421875 0.21666666666666667
11 0.225 0.38333333333333336 0.0140625 0.016666666666666666
3 0.6625 0.32222222222222224 0.0109375 0.016666666666666666
1 0.678125 0.34444444444444444 0.0140625 0.019444444444444445
5 0.4328125 0.5055555555555555 0.0125 0.019444444444444445
4 0.496875 0.6611111111111111 0.015625 0.027777777777777776
7 0.753125 0.4583333333333333 0.0203125 0.027777777777777776
10 0.8515625 0.6055555555555555 0.0140625 0.027777777777777776
15 0.6734375 0.9083333333333333 0.0828125 0.03888888888888889