13 0.740234375 0.23333333333333334 0.09609375 0.29444444444444445
13 0.671484375 0.3368055555555556 0.11953125 0.22083333333333333
13 0.703125 0.5319444444444444 0.165625 0.25833333333333336
13 0.501953125 0.6881944444444444 0.12734375 0.2708333333333333
13 0.068359375 0.20555555555555555 0.13671875 0.24166666666666667
14 0.223828125 0.23194444444444445 0.14296875 0.2361111111111111
14 0.46171875 0.35208333333333336 0.1328125 0.28194444444444444
14 0.267578125 0.7243055555555555 0.14765625 0.3597222222222222
14 0.787109375 0.22708333333333333 0.09921875 0.24027777777777778
4 0.548828125 0.6402777777777777 0.02421875 0.03888888888888889
5 0.433203125 0.41180555555555554 0.02734375 0.0375
6 0.885546875 0.3284722222222222 0.02890625 0.043055555555555555
15 0.42890625 0.9361111111111111 0.05 0.05277777777777778