13 0.6125 0.24444444444444444 0.0421875 0.175
13 0.165625 0.4527777777777778 0.053125 0.21944444444444444
14 0.553125 0.30833333333333335 0.025 0.18611111111111112
13 0.5390625 0.3888888888888889 0.0375 0.18611111111111112
14 0.4875 0.4 0.05 0.20555555555555555
14 0.35625 0.45 0.04375 0.20555555555555555
13 0.3125 0.475 0.0953125 0.175
14 0.315625 0.5 0.0640625 0.2111111111111111
14 0.6171875 0.525 0.0390625 0.18888888888888888
13 0.796875 0.6222222222222222 0.05625 0.23333333333333334
12 0.615625 0.6666666666666666 0.053125 0.19444444444444445
12 0.05625 0.3055555555555556 0.053125 0.15833333333333333
12 0.7453125 0.2972222222222222 0.03125 0.16111111111111112
4 0.4984375 0.6027777777777777 0.0234375 0.03333333333333333
5 0.428125 0.4666666666666667 0.0203125 0.030555555555555555
6 0.846875 0.5555555555555556 0.025 0.03888888888888889
7 0.7390625 0.42777777777777776 0.0140625 0.030555555555555555
1 0.6609375 0.3388888888888889 0.0140625 0.025
3 0.6453125 0.31666666666666665 0.015625 0.025
11 0.221875 0.35555555555555557 0.0171875 0.027777777777777776
15 0.6890625 0.8833333333333333 0.040625 0.05555555555555555