12 0.115625 0.32222222222222224 0.05625 0.20833333333333334
12 0.759375 0.7444444444444445 0.0546875 0.21666666666666667
12 0.896875 0.3611111111111111 0.046875 0.18611111111111112
13 0.1796875 0.475 0.0453125 0.2361111111111111
13 0.36875 0.5527777777777778 0.0625 0.24166666666666667
13 0.50625 0.7222222222222222 0.0609375 0.25
13 0.6296875 0.2777777777777778 0.0328125 0.18333333333333332
13 0.3234375 0.3388888888888889 0.0453125 0.20277777777777778
14 0.24375 0.5111111111111111 0.0546875 0.24444444444444444
14 0.465625 0.38333333333333336 0.0546875 0.21388888888888888
14 0.521875 0.5138888888888888 0.0421875 0.24166666666666667
14 0.5859375 0.6722222222222223 0.10625 0.21666666666666667
14 0.671875 0.37222222222222223 0.0515625 0.2111111111111111
15 0.690625 0.8861111111111111 0.040625 0.05
3 0.7375 0.35 0.01875 0.03333333333333333
1 0.753125 0.36944444444444446 0.0234375 0.027777777777777776
5 0.4796875 0.5166666666666667 0.0203125 0.030555555555555555
7 0.84375 0.48055555555555557 0.0203125 0.027777777777777776
6 0.9765625 0.6333333333333333 0.01875 0.030555555555555555