13 0.87109375 0.34097222222222223 0.0515625 0.19305555555555556
13 0.758984375 0.5381944444444444 0.08359375 0.20694444444444443
13 0.658984375 0.5118055555555555 0.06328125 0.22083333333333333
13 0.6640625 0.26875 0.0484375 0.20416666666666666
13 0.13125 0.5465277777777777 0.0546875 0.2625
14 0.260546875 0.4798611111111111 0.07265625 0.22361111111111112
14 0.58046875 0.3145833333333333 0.053125 0.19305555555555556
14 0.707421875 0.37569444444444444 0.03671875 0.19583333333333333
14 0.67890625 0.4840277777777778 0.0609375 0.1875
14 0.602734375 0.5513888888888889 0.07578125 0.2111111111111111
12 0.353125 0.7013888888888888 0.053125 0.2111111111111111
12 0.271484375 0.2875 0.03046875 0.14444444444444443
12 0.8765625 0.2708333333333333 0.034375 0.1527777777777778
4 0.5588124999999999 0.4555694444444444 0.00809375 0.013222222222222222
5 0.4706953125 0.6082222222222222 0.008015625 0.01425
2 0.35943749999999997 0.2935833333333333 0.007976562500000001 0.013180555555555556
0 0.34140625 0.31219444444444444 0.007054687499999999 0.012652777777777777
10 0.7657734375 0.36822222222222223 0.007773437499999999 0.014138888888888888
15 0.428515625 0.9368055555555556 0.05078125 0.04583333333333333
5 0.5734375 0.8362777777777778 0.0081875 0.013680555555555555