13 0.9265625 0.23333333333333334 0.0703125 0.20277777777777778
13 0.45 0.2972222222222222 0.059375 0.23055555555555557
13 0.2859375 0.5277777777777778 0.078125 0.28055555555555556
13 0.3390625 0.6305555555555555 0.103125 0.31666666666666665
13 0.6140625 0.6722222222222223 0.109375 0.2972222222222222
14 0.625 0.3472222222222222 0.071875 0.21944444444444444
14 0.821875 0.4 0.0859375 0.25277777777777777
14 0.7828125 0.6666666666666666 0.0953125 0.30277777777777776
12 0.6015625 0.7472222222222222 0.0671875 0.15555555555555556
12 0.0390625 0.26666666666666666 0.078125 0.225
15 0.8765625 0.8444444444444444 0.046875 0.05
4 0.1984375 0.45555555555555555 0.0265625 0.03333333333333333
5 0.10625 0.6444444444444445 0.0296875 0.044444444444444446