13 0.115625 0.6416666666666667 0.0640625 0.21944444444444444
13 0.321875 0.49444444444444446 0.0375 0.18333333333333332
13 0.44375 0.375 0.03125 0.13055555555555556
13 0.653125 0.6222222222222222 0.05 0.2222222222222222
13 0.8859375 0.5972222222222222 0.0453125 0.20833333333333334
14 0.24375 0.6194444444444445 0.05 0.2111111111111111
14 0.3984375 0.5111111111111111 0.059375 0.17222222222222222
14 0.4640625 0.41944444444444445 0.0265625 0.15555555555555556
14 0.5609375 0.5611111111111111 0.040625 0.20833333333333334
14 0.8109375 0.5555555555555556 0.040625 0.19166666666666668
12 0.1921875 0.7527777777777778 0.046875 0.23333333333333334
12 0.38125 0.3638888888888889 0.0328125 0.12777777777777777
12 0.915625 0.5222222222222223 0.0296875 0.16944444444444445
15 0.6703125 0.9083333333333333 0.0671875 0.041666666666666664
11 0.2921875 0.4361111111111111 0.0109375 0.019444444444444445
3 0.615625 0.40555555555555556 0.0125 0.016666666666666666
1 0.63125 0.4222222222222222 0.0171875 0.016666666666666666
7 0.6984375 0.4861111111111111 0.01875 0.03333333333333333
5 0.45625 0.5138888888888888 0.0140625 0.027777777777777776
4 0.5203125 0.6166666666666667 0.01875 0.027777777777777776