13 0.0703125 0.46458333333333335 0.06875 0.20694444444444443
13 0.01875 0.7284722222222222 0.0375 0.2569444444444444
13 0.2953125 0.6958333333333333 0.0453125 0.25277777777777777
13 0.36484375 0.35625 0.0546875 0.1597222222222222
13 0.7296875 0.6958333333333333 0.0609375 0.225
14 0.194921875 0.5708333333333333 0.05859375 0.25555555555555554
14 0.3875 0.44027777777777777 0.0546875 0.21388888888888888
14 0.469140625 0.3902777777777778 0.06640625 0.175
14 0.532421875 0.5125 0.05078125 0.21944444444444444
14 0.683203125 0.6298611111111111 0.06015625 0.2125
12 0.087109375 0.8368055555555556 0.05390625 0.24027777777777778
12 0.96015625 0.5486111111111112 0.0421875 0.21666666666666667
11 0.23236718750000002 0.4075416666666667 0.0119375 0.015041666666666667
3 0.66171875 0.3236111111111111 0.0109375 0.016666666666666666
1 0.67734375 0.3458333333333333 0.0140625 0.019444444444444445
4 0.4974765625 0.6618472222222221 0.009390625 0.01473611111111111
7 0.7503984375 0.45340277777777777 0.0104609375 0.014166666666666666
10 0.8515625 0.6041666666666666 0.0140625 0.027777777777777776
15 0.673828125 0.9090277777777778 0.08359375 0.04027777777777778
10 0.372203125 0.8739583333333333 0.0090234375 0.013805555555555555
5 0.43150781250000003 0.5028611111111111 0.009984375 0.014222222222222223