14 0.18828125 0.7104166666666667 0.08125 0.2708333333333333
14 0.519921875 0.48125 0.06015625 0.17083333333333334
14 0.466796875 0.3701388888888889 0.04140625 0.1597222222222222
14 0.6609375 0.47152777777777777 0.05625 0.1875
14 0.79296875 0.6951388888888889 0.0734375 0.1736111111111111
12 0.640625 0.7 0.0578125 0.18055555555555555
12 0.106640625 0.39791666666666664 0.04296875 0.1763888888888889
12 0.707421875 0.40069444444444446 0.03671875 0.16805555555555557
13 0.43828125 0.5951388888888889 0.0765625 0.17916666666666667
13 0.56796875 0.5055555555555555 0.040625 0.225
13 0.626171875 0.46805555555555556 0.05859375 0.175
13 0.7015625 0.5965277777777778 0.0796875 0.20694444444444443
13 0.535546875 0.4548611111111111 0.05859375 0.15694444444444444
4 0.46076562499999996 0.6715138888888889 0.010078125 0.01638888888888889
5 0.3671875 0.5476388888888889 0.0110234375 0.019194444444444445
3 0.559203125 0.40581944444444445 0.0086796875 0.0155
11 0.1538203125 0.47973611111111114 0.00815625 0.012083333333333333
0 0.9528828125000001 0.739625 0.01140625 0.01976388888888889
15 0.67421875 0.9104166666666667 0.078125 0.04583333333333333
1 0.5766328125 0.421875 0.0082734375 0.013583333333333333
6 0.7976640625 0.6090416666666667 0.0124375 0.017944444444444443