12 0.249609375 0.41875 0.03671875 0.16805555555555557
12 0.975 0.39375 0.05 0.16805555555555557
12 0.48125 0.6777777777777778 0.0484375 0.175
14 0.8625 0.6388888888888888 0.0453125 0.24722222222222223
14 0.413671875 0.3798611111111111 0.03671875 0.17083333333333334
14 0.8 0.3527777777777778 0.03125 0.17222222222222222
14 0.412109375 0.6451388888888889 0.05546875 0.19027777777777777
14 0.466796875 0.3104166666666667 0.03828125 0.16527777777777777
13 0.616796875 0.44722222222222224 0.03984375 0.18888888888888888
13 0.461328125 0.3611111111111111 0.03359375 0.175
13 0.423828125 0.42777777777777776 0.03359375 0.1638888888888889
13 0.4109375 0.5986111111111111 0.065625 0.2111111111111111
13 0.7515625 0.6166666666666667 0.0453125 0.21944444444444444
4 0.5897187500000001 0.5007083333333333 0.01115625 0.01698611111111111
5 0.5283046875 0.6207916666666667 0.0116328125 0.01926388888888889
6 0.300390625 0.4652777777777778 0.01171875 0.019444444444444445
7 0.1975234375 0.5777777777777777 0.012648437500000002 0.020291666666666666
10 0.76865625 0.4278472222222222 0.0093046875 0.014208333333333333
2 0.383453125 0.37363888888888885 0.0095390625 0.013791666666666666
0 0.37028906250000004 0.388 0.009328125 0.015680555555555555
15 0.66953125 0.9076388888888889 0.0671875 0.04027777777777778