13 0.172265625 0.3541666666666667 0.03203125 0.19444444444444445
13 0.196484375 0.5541666666666667 0.04453125 0.22777777777777777
13 0.49375 0.27361111111111114 0.0390625 0.18888888888888888
13 0.834765625 0.5291666666666667 0.03203125 0.2222222222222222
13 0.891796875 0.6666666666666666 0.05390625 0.21666666666666667
14 0.314453125 0.5409722222222222 0.06953125 0.1736111111111111
14 0.202734375 0.37916666666666665 0.04609375 0.15833333333333333
14 0.525390625 0.3416666666666667 0.04140625 0.19166666666666668
14 0.726953125 0.59375 0.03828125 0.2013888888888889
14 0.778515625 0.4979166666666667 0.04140625 0.22083333333333333
12 0.345703125 0.29444444444444445 0.03046875 0.15833333333333333
12 0.14921875 0.7944444444444444 0.05 0.2388888888888889
12 0.969140625 0.5125 0.03515625 0.20833333333333334
3 0.6484375 0.32708333333333334 0.0109375 0.018055555555555554
7 0.752734375 0.44027777777777777 0.01796875 0.022222222222222223
4 0.5374531250000001 0.6341111111111111 0.009109375 0.014083333333333335
15 0.4259765625 0.937375 0.061882812499999995 0.04520833333333333
5 0.45332812499999997 0.48305555555555557 0.008125 0.012375
11 0.2525234375 0.401125 0.005218749999999999 0.007916666666666667