13 0.4 0.7298611111111111 0.05 0.2013888888888889
13 0.3546875 0.5548611111111111 0.0421875 0.23472222222222222
13 0.27734375 0.3597222222222222 0.0390625 0.2
13 0.45703125 0.24097222222222223 0.046875 0.1736111111111111
13 0.50625 0.38263888888888886 0.0578125 0.1736111111111111
14 0.4 0.3972222222222222 0.040625 0.15
14 0.566796875 0.34930555555555554 0.04765625 0.16805555555555557
14 0.5859375 0.42083333333333334 0.0421875 0.175
14 0.491796875 0.6958333333333333 0.08359375 0.19722222222222222
14 0.38515625 0.5416666666666666 0.0421875 0.19166666666666668
12 0.2859375 0.7652777777777777 0.053125 0.2222222222222222
12 0.983203125 0.5979166666666667 0.03203125 0.20972222222222223
12 0.365625 0.24166666666666667 0.03125 0.15833333333333333
11 0.220359375 0.36269444444444443 0.007531250000000001 0.011263888888888888
6 0.8049453124999999 0.5547777777777778 0.009601562499999999 0.01591666666666667
7 0.7000546875 0.4092361111111111 0.007765625 0.011805555555555555
1 0.6265625 0.3066388888888889 0.0073281250000000004 0.011208333333333334
3 0.6123125 0.28677777777777774 0.006679687500000001 0.011569444444444445
0 0.926765625 0.7183055555555555 0.0088125 0.015291666666666667
15 0.662109375 0.9194444444444444 0.05546875 0.05
10 0.36825 0.826875 0.0072968749999999995 0.012513888888888889
4 0.4771328125 0.6104583333333333 0.0079375 0.011083333333333334