12 0.116015625 0.3215277777777778 0.05703125 0.20972222222222223
12 0.76015625 0.7444444444444445 0.0546875 0.21666666666666667
12 0.89765625 0.3597222222222222 0.046875 0.18611111111111112
14 0.180078125 0.47430555555555554 0.04609375 0.2375
14 0.36796875 0.5534722222222223 0.0625 0.24305555555555555
14 0.50625 0.7215277777777778 0.0609375 0.2513888888888889
14 0.6296875 0.2777777777777778 0.0328125 0.18333333333333332
14 0.3234375 0.33958333333333335 0.0453125 0.20416666666666666
13 0.24453125 0.5111111111111111 0.0546875 0.24444444444444444
13 0.465625 0.38333333333333336 0.0546875 0.21388888888888888
13 0.522265625 0.5145833333333333 0.04296875 0.24305555555555555
13 0.585546875 0.6736111111111112 0.10703125 0.21666666666666667
13 0.67109375 0.37083333333333335 0.0515625 0.2111111111111111
15 0.68984375 0.8868055555555555 0.040625 0.05138888888888889
3 0.739171875 0.34781944444444446 0.009828125 0.019055555555555555
1 0.7541249999999999 0.3685555555555556 0.01184375 0.014888888888888889
5 0.48107812499999997 0.51825 0.012171875 0.014694444444444444
7 0.8436406249999999 0.47866666666666663 0.012734375000000001 0.015680555555555555
6 0.97478125 0.6338333333333334 0.013398437499999999 0.020041666666666666