15 0.909375 0.85 0.053125 0.041666666666666664
13 0.178125 0.25555555555555554 0.034375 0.20833333333333334
13 0.221875 0.45555555555555555 0.046875 0.2361111111111111
13 0.3625 0.6916666666666667 0.10625 0.25555555555555554
13 0.5203125 0.22777777777777777 0.053125 0.18055555555555555
13 0.796875 0.43333333333333335 0.0421875 0.20833333333333334
14 0.596875 0.2972222222222222 0.0515625 0.18888888888888888
14 0.2875 0.2916666666666667 0.0390625 0.20555555555555555
14 0.26875 0.4888888888888889 0.0640625 0.20555555555555555
14 0.45 0.6222222222222222 0.0703125 0.22777777777777777
14 0.51875 0.48333333333333334 0.075 0.20555555555555555
11 0.390625 0.9111111111111111 0.0203125 0.027777777777777776
5 0.3984375 0.43333333333333335 0.015625 0.027777777777777776
6 0.840625 0.5388888888888889 0.0140625 0.025
7 0.7125 0.38055555555555554 0.0171875 0.025
1 0.6265625 0.275 0.015625 0.027777777777777776
0 0.9921875 0.7194444444444444 0.0140625 0.03611111111111111
3 0.609375 0.25277777777777777 0.0140625 0.027777777777777776
12 0.6078125 0.7388888888888889 0.0453125 0.2388888888888889
12 0.0484375 0.25555555555555554 0.0390625 0.19166666666666668
12 0.7375 0.24444444444444444 0.0359375 0.15555555555555556