13 0.906640625 0.5569444444444445 0.06015625 0.19166666666666668
13 0.329296875 0.30069444444444443 0.04140625 0.15416666666666667
13 0.241796875 0.36875 0.05234375 0.16527777777777777
13 0.35546875 0.5729166666666666 0.0875 0.19583333333333333
13 0.20703125 0.7201388888888889 0.0625 0.21805555555555556
14 0.38984375 0.3736111111111111 0.0453125 0.18611111111111112
14 0.28515625 0.3958333333333333 0.04375 0.18888888888888888
14 0.433984375 0.5569444444444445 0.08359375 0.18611111111111112
14 0.793359375 0.5354166666666667 0.06015625 0.18194444444444444
14 0.2671875 0.64375 0.046875 0.2263888888888889
12 0.5734375 0.3090277777777778 0.034375 0.17083333333333334
12 0.008984375 0.6354166666666666 0.01796875 0.23194444444444445
12 0.978515625 0.8118055555555556 0.04296875 0.22361111111111112
10 0.694234375 0.41411111111111115 0.0061796875 0.009527777777777777
4 0.5079374999999999 0.514361111111111 0.00721875 0.013166666666666667
5 0.4481796875 0.6673472222222222 0.009015625 0.012763888888888889
6 0.19832031249999998 0.4865277777777778 0.0061484375 0.01038888888888889
15 0.673046875 0.9104166666666667 0.07109375 0.04027777777777778
7 0.1004765625 0.6349722222222223 0.01003125 0.01588888888888889