14 0.096875 0.5743055555555555 0.071875 0.19027777777777777
14 0.373 0.41805555555555557 0.04609375 0.18888888888888888
14 0.776953125 0.48333333333333334 0.05703125 0.16666666666666666
14 0.653515625 0.3680555555555556 0.03984375 0.16111111111111112
13 0.178515625 0.5729166666666666 0.08046875 0.17916666666666667
13 0.421875 0.46944444444444444 0.06875 0.19166666666666668
13 0.646484375 0.3854166666666667 0.03828125 0.19583333333333333
13 0.67734375 0.4673611111111111 0.0953125 0.22083333333333333
12 0.821875 0.7125 0.0625 0.19166666666666668
12 0.907421875 0.38333333333333336 0.04609375 0.175
12 0.096484375 0.43819444444444444 0.04296875 0.1763888888888889
5 0.5659375 0.5432916666666667 0.009601562499999999 0.013291666666666667
4 0.6765625 0.6717222222222222 0.008953125000000001 0.01326388888888889
7 0.8760625 0.5015694444444444 0.0058203125 0.010138888888888888
9 0.008203125 0.49444444444444446 0.01640625 0.030555555555555555
3 0.7469921875 0.4081666666666667 0.0054375 0.008763888888888889
11 0.3446796875 0.4725833333333333 0.0060625 0.012152777777777778
15 0.875390625 0.85 0.05546875 0.04722222222222222
10 0.601359375 0.8768750000000001 0.006765625 0.011333333333333334