15 0.671875 0.9055555555555556 0.075 0.03888888888888889
13 0.1375 0.3194444444444444 0.0375 0.21666666666666667
13 0.396875 0.32222222222222224 0.0515625 0.1638888888888889
13 0.446875 0.6638888888888889 0.0484375 0.26666666666666666
13 0.509375 0.5777777777777777 0.0421875 0.25555555555555554
13 0.8046875 0.5166666666666667 0.04375 0.24166666666666667
14 0.25625 0.3472222222222222 0.0484375 0.17222222222222222
14 0.4890625 0.3 0.0390625 0.2
14 0.4515625 0.44166666666666665 0.04375 0.21388888888888888
14 0.5453125 0.5722222222222222 0.05 0.2388888888888889
14 0.796875 0.48055555555555557 0.0296875 0.2611111111111111
12 0.6859375 0.7194444444444444 0.0546875 0.20833333333333334
12 0.825 0.275 0.0328125 0.17222222222222222
3 0.7140625 0.3 0.0171875 0.027777777777777776
1 0.73125 0.32222222222222224 0.0234375 0.027777777777777776
11 0.278125 0.35 0.015625 0.025
6 0.934375 0.5777777777777777 0.015625 0.030555555555555555
5 0.490625 0.46944444444444444 0.0140625 0.022222222222222223
4 0.5625 0.6277777777777778 0.0140625 0.030555555555555555