13 0.83125 0.4027777777777778 0.065625 0.21944444444444444
13 0.7234375 0.6805555555555556 0.0609375 0.3
13 0.2328125 0.6472222222222223 0.0609375 0.2388888888888889
13 0.4984375 0.4638888888888889 0.0671875 0.2361111111111111
13 0.584375 0.21944444444444444 0.0375 0.18055555555555555
14 0.53125 0.2916666666666667 0.04375 0.13055555555555556
14 0.390625 0.5666666666666667 0.065625 0.20277777777777778
14 0.659375 0.5055555555555555 0.05 0.2111111111111111
14 0.6875 0.43333333333333335 0.0609375 0.18611111111111112
14 0.6859375 0.6444444444444445 0.0609375 0.2638888888888889
12 0.9078125 0.26944444444444443 0.0375 0.17777777777777778
12 0.4453125 0.7222222222222222 0.04375 0.22777777777777777
12 0.184375 0.43333333333333335 0.0359375 0.19444444444444445
4 0.68125 0.45 0.0125 0.027777777777777776
5 0.59375 0.6055555555555555 0.0125 0.025
6 0.3828125 0.38333333333333336 0.0109375 0.025
7 0.259375 0.5222222222222223 0.015625 0.022222222222222223
0 0.4671875 0.2861111111111111 0.015625 0.022222222222222223
1 0.1171875 0.6916666666666667 0.015625 0.030555555555555555
2 0.484375 0.2611111111111111 0.0125 0.025
3 0.075 0.7333333333333333 0.0125 0.025
11 0.6734375 0.9055555555555556 0.0171875 0.025
10 0.9 0.3388888888888889 0.009375 0.019444444444444445
15 0.90625 0.8472222222222222 0.0484375 0.05