14 0.508203125 0.3527777777777778 0.03515625 0.11666666666666667
14 0.78359375 0.5715277777777777 0.0515625 0.23194444444444445
14 0.676171875 0.6826388888888889 0.05234375 0.22916666666666666
14 0.235546875 0.6159722222222223 0.05703125 0.20694444444444443
13 0.33976562499999996 0.5627916666666667 0.05615625 0.19676388888888888
13 0.48014062500000004 0.3465 0.0341796875 0.13165277777777779
13 0.5407734375000001 0.4166666666666667 0.036625000000000005 0.15045833333333333
13 0.6966171875 0.47815277777777776 0.029296875 0.2184583333333333
13 0.6616171875 0.5924444444444444 0.06021875 0.20977777777777776
2 0.39696875 0.3286111111111111 0.0073124999999999996 0.011624999999999998
6 0.30290625000000004 0.4263888888888889 0.00640625 0.009083333333333334
4 0.57003125 0.47394444444444445 0.007000000000000001 0.012861111111111111
5 0.49213281249999996 0.606375 0.007718750000000001 0.012541666666666666
0 0.381765625 0.3450972222222222 0.0063281249999999995 0.008680555555555556
10 0.7508828125 0.39844444444444443 0.0088515625 0.01513888888888889
7 0.18751562500000002 0.5468611111111111 0.0070859375 0.009180555555555556