13 0.803125 0.3138888888888889 0.0625 0.2
13 0.8578125 0.49722222222222223 0.1 0.23333333333333334
13 0.826171875 0.68125 0.11796875 0.2708333333333333
13 0.566015625 0.25763888888888886 0.03671875 0.19305555555555556
13 0.300390625 0.23333333333333334 0.06015625 0.2
14 0.2140625 0.27569444444444446 0.0609375 0.20416666666666666
14 0.305078125 0.36180555555555555 0.06171875 0.2152777777777778
14 0.3875 0.48055555555555557 0.0890625 0.25555555555555554
14 0.665625 0.36875 0.0640625 0.22916666666666666
14 0.56953125 0.6243055555555556 0.06875 0.24861111111111112
12 0.58359375 0.7458333333333333 0.0515625 0.2
4 0.119921875 0.45 0.01796875 0.030555555555555555
5 0.040625 0.6118055555555556 0.0140625 0.02638888888888889
10 0.34015625 0.3144166666666667 0.014601562500000002 0.02373611111111111
15 0.8769609375 0.84475 0.041671875000000004 0.04670833333333334
12 0.9892109375 0.27298611111111115 0.021578125 0.18843055555555555