13 0.484765625 0.41458333333333336 0.05703125 0.2013888888888889
13 0.44145312499999995 0.5319444444444444 0.0640625 0.24166666666666667
13 0.375 0.5395833333333333 0.0515625 0.2875
13 0.2859375 0.5208333333333334 0.04375 0.25
13 0.66875 0.43819444444444444 0.053125 0.20972222222222223
14 0.454296875 0.33958333333333335 0.04453125 0.19305555555555556
14 0.754296875 0.41805555555555557 0.06953125 0.18333333333333332
14 0.788671875 0.6854166666666667 0.06015625 0.3125
14 0.105078125 0.5909722222222222 0.04140625 0.26805555555555555
14 0.09453125 0.7458333333333333 0.1046875 0.3194444444444444
12 0.388671875 0.8006944444444445 0.06640625 0.22083333333333333
12 0.2765625 0.38125 0.0375 0.18194444444444444
2 0.3913046875 0.42304166666666665 0.013859374999999998 0.02034722222222222
4 0.6470859375 0.5960277777777777 0.012109375 0.017847222222222223
5 0.5499609375000001 0.7548055555555556 0.011734375 0.01975
7 0.12060156250000001 0.68825 0.011820312500000001 0.01951388888888889
15 0.4279453125 0.9385 0.045140625000000004 0.05241666666666667
10 0.9018437499999999 0.50675 0.0105078125 0.014527777777777778