13 0.5765625 0.7055555555555556 0.065625 0.23333333333333334
13 0.896875 0.5 0.1046875 0.26666666666666666
13 0.6875 0.39444444444444443 0.0609375 0.2222222222222222
13 0.6328125 0.3111111111111111 0.05 0.19166666666666668
13 0.36875 0.2638888888888889 0.0703125 0.18055555555555555
12 0.1078125 0.275 0.0359375 0.17777777777777778
12 0.60625 0.7694444444444445 0.05625 0.21666666666666667
14 0.3140625 0.31666666666666665 0.0484375 0.20277777777777778
14 0.340625 0.48055555555555557 0.065625 0.24444444444444444
14 0.521875 0.4527777777777778 0.0515625 0.24444444444444444
14 0.390625 0.6888888888888889 0.059375 0.25
15 0.884375 0.8805555555555555 0.0453125 0.041666666666666664