14 0.97421875 0.5756944444444444 0.0515625 0.26805555555555555
14 0.57578125 0.725 0.0625 0.28055555555555556
14 0.29375 0.6784722222222223 0.0640625 0.28194444444444444
14 0.037890625 0.6145833333333334 0.07578125 0.2847222222222222
14 0.6667500000000001 0.3951388888888889 0.05859375 0.2375
13 0.758203125 0.50625 0.06953125 0.25416666666666665
13 0.22734375 0.5111111111111111 0.05625 0.26666666666666666
13 0.32421875 0.5868055555555556 0.053125 0.26805555555555555
13 0.53671875 0.6076388888888888 0.065625 0.26805555555555555
13 0.6125 0.42291666666666666 0.0453125 0.23472222222222222
12 0.808984375 0.7715277777777778 0.07265625 0.2791666666666667
10 0.8867109375 0.421 0.009 0.01311111111111111
4 0.6424140625 0.516361111111111 0.0100546875 0.017069444444444443
6 0.270984375 0.4640416666666667 0.009273437499999999 0.017374999999999998
0 0.37019531250000004 0.35912499999999997 0.009390625 0.012902777777777777
2 0.388171875 0.34018055555555554 0.00815625 0.014694444444444444
15 0.428125 0.9326388888888889 0.0515625 0.059722222222222225
7 0.1281015625 0.6102638888888888 0.00965625 0.016583333333333332