13 0.853125 0.5236111111111111 0.0703125 0.21944444444444444
14 0.579296875 0.6534722222222222 0.05546875 0.2569444444444444
14 0.087890625 0.6791666666666667 0.08046875 0.25277777777777777
14 0.60625 0.28194444444444444 0.0484375 0.17777777777777778
14 0.744140625 0.4236111111111111 0.03828125 0.21388888888888888
12 0.14453125 0.29375 0.0375 0.1875
12 0.466015625 0.7479166666666667 0.05390625 0.2263888888888889
13 0.529296875 0.5055555555555555 0.06171875 0.2388888888888889
13 0.415234375 0.5791666666666667 0.05078125 0.2361111111111111
13 0.190234375 0.5958333333333333 0.07578125 0.21666666666666667
13 0.465625 0.36944444444444446 0.06875 0.21666666666666667
15 0.880078125 0.8472222222222222 0.04140625 0.044444444444444446
4 0.46202343749999997 0.4716666666666667 0.008390625 0.012444444444444445
5 0.38980468749999997 0.6246111111111111 0.006812500000000001 0.012708333333333334
6 0.1286875 0.4338611111111111 0.007671875 0.012111111111111112
7 0.0075 0.5836388888888889 0.007515625 0.011333333333333334
2 0.2296875 0.30995833333333334 0.0079453125 0.01336111111111111
10 0.6645859375 0.3751805555555556 0.007531250000000001 0.012930555555555556
11 0.5155937500000001 0.8322083333333334 0.0058671875 0.008722222222222223
0 0.21271874999999998 0.3314027777777778 0.0071796874999999994 0.011833333333333333