14 0.9254374999999999 0.2326388888888889 0.07109375 0.20416666666666666
14 0.449609375 0.2972222222222222 0.06015625 0.23055555555555557
14 0.2859375 0.5270833333333333 0.078125 0.28194444444444444
14 0.338671875 0.63125 0.10390625 0.31805555555555554
14 0.614453125 0.6729166666666667 0.11015625 0.2986111111111111
13 0.624609375 0.34652777777777777 0.07265625 0.22083333333333333
13 0.821484375 0.40069444444444446 0.08671875 0.25416666666666665
13 0.782421875 0.6659722222222222 0.09609375 0.30416666666666664
12 0.601171875 0.7479166666666667 0.06796875 0.15694444444444444
12 0.0390625 0.2652777777777778 0.078125 0.225
15 0.8765625 0.8451388888888889 0.046875 0.05138888888888889
5 0.10415624999999999 0.6441388888888888 0.014820312499999998 0.02613888888888889
4 0.19729687499999998 0.45858333333333334 0.0136015625 0.02048611111111111