14 0.065234375 0.45694444444444443 0.06328125 0.2222222222222222
14 0.28046875 0.4576388888888889 0.053125 0.22361111111111112
14 0.403515625 0.2625 0.06015625 0.16944444444444445
14 0.42734375 0.7298611111111111 0.0671875 0.25972222222222224
14 0.67734375 0.4375 0.0609375 0.2388888888888889
13 0.646875 0.46319444444444446 0.05625 0.23194444444444445
13 0.44921875 0.3229166666666667 0.0390625 0.20694444444444443
13 0.494921875 0.47430555555555554 0.07734375 0.20694444444444443
13 0.526171875 0.6618055555555555 0.09765625 0.2513888888888889
13 0.27734375 0.5013888888888889 0.0703125 0.22777777777777777
12 0.652734375 0.7361111111111112 0.06484375 0.19444444444444445
12 0.815625 0.28680555555555554 0.0453125 0.18194444444444444
11 0.254375 0.3630277777777778 0.0054453125 0.0074444444444444445
5 0.46446875 0.4538888888888889 0.007726562500000001 0.010291666666666668
6 0.9187031250000001 0.5536805555555555 0.0093203125 0.013972222222222223
7 0.78046875 0.40769444444444447 0.007859375 0.011972222222222221
1 0.68865625 0.310625 0.007117187499999999 0.009875
3 0.6708203125 0.2913888888888889 0.0072499999999999995 0.011986111111111112
15 0.879296875 0.8479166666666667 0.04609375 0.05138888888888889
10 0.44303125000000004 0.8450138888888888 0.006992187499999999 0.011541666666666667