13 0.265625 0.5944444444444444 0.065625 0.25555555555555554
13 0.2359375 0.475 0.09375 0.20277777777777778
13 0.59375 0.43333333333333335 0.05625 0.25555555555555554
13 0.5640625 0.7944444444444444 0.0796875 0.2638888888888889
14 0.475 0.4666666666666667 0.0625 0.2388888888888889
14 0.6671875 0.4444444444444444 0.0828125 0.23333333333333334
14 0.74375 0.7388888888888889 0.1109375 0.26944444444444443
12 0.325 0.3055555555555556 0.059375 0.20833333333333334
12 0.7625 0.8222222222222222 0.0515625 0.1361111111111111
15 0.825 0.9277777777777778 0.034375 0.041666666666666664
5 0.3625 0.6861111111111111 0.01875 0.030555555555555555
4 0.4421875 0.5083333333333333 0.0171875 0.022222222222222223
2 0.1796875 0.3277777777777778 0.0171875 0.025
0 0.1625 0.35 0.0171875 0.022222222222222223
6 0.06875 0.4722222222222222 0.0234375 0.027777777777777776