13 0.096875 0.6 0.0671875 0.24722222222222223
13 0.2984375 0.39444444444444443 0.084375 0.175
13 0.428125 0.8138888888888889 0.0625 0.30833333333333335
13 0.615625 0.48333333333333334 0.071875 0.225
13 0.9046875 0.6888888888888889 0.071875 0.2361111111111111
14 0.5203125 0.6777777777777778 0.0453125 0.25555555555555554
14 0.15625 0.5888888888888889 0.0515625 0.225
14 0.39375 0.4222222222222222 0.040625 0.18055555555555555
14 0.540625 0.49722222222222223 0.08125 0.21388888888888888
14 0.753125 0.6222222222222222 0.059375 0.2638888888888889
12 0.9375 0.6416666666666667 0.059375 0.2388888888888889
12 0.2421875 0.8819444444444444 0.0625 0.2361111111111111
12 0.3765625 0.34444444444444444 0.0421875 0.17222222222222222
4 0.46875 0.7555555555555555 0.021875 0.030555555555555555
5 0.39375 0.5861111111111111 0.0171875 0.025
6 0.85625 0.7 0.0234375 0.03333333333333333
7 0.734375 0.5388888888888889 0.0171875 0.025
11 0.165625 0.4583333333333333 0.01875 0.025
1 0.65 0.42777777777777776 0.0140625 0.025
3 0.634375 0.4 0.0140625 0.025
15 0.8828125 0.85 0.04375 0.04722222222222222