15 0.909375 0.8506944444444444 0.053125 0.043055555555555555
13 0.177734375 0.25416666666666665 0.03515625 0.20833333333333334
13 0.22265625 0.45416666666666666 0.046875 0.2361111111111111
13 0.362890625 0.6923611111111111 0.10703125 0.2569444444444444
13 0.520703125 0.22916666666666666 0.05390625 0.18055555555555555
13 0.79765625 0.4326388888888889 0.0421875 0.20972222222222223
14 0.596875 0.29791666666666666 0.0515625 0.19027777777777777
14 0.2875 0.2916666666666667 0.0390625 0.20555555555555555
14 0.26953125 0.4875 0.0640625 0.20555555555555555
14 0.450390625 0.6236111111111111 0.07109375 0.22777777777777777
14 0.518359375 0.48194444444444445 0.07578125 0.20555555555555555
11 0.369921875 0.8555833333333334 0.00975 0.01486111111111111
5 0.3976015625 0.43666666666666665 0.007914062500000001 0.013375000000000001
6 0.8420937500000001 0.5378888888888889 0.008109375 0.013027777777777779
7 0.71321875 0.38213888888888886 0.0074453125 0.012888888888888887
1 0.626171875 0.27405555555555555 0.007523437500000001 0.011333333333333334
0 0.9963828124999999 0.7221944444444445 0.0072343749999999995 0.0125
3 0.6091249999999999 0.25354166666666667 0.007109374999999999 0.011472222222222222
12 0.608203125 0.7395833333333334 0.04609375 0.24027777777777778
12 0.0484375 0.2548611111111111 0.0390625 0.19305555555555556
12 0.7375 0.24305555555555555 0.0359375 0.15555555555555556
4 0.48271875 0.6068611111111111 0.0070703125 0.012472222222222223