15 0.671875 0.90625 0.075 0.04027777777777778
14 0.1375 0.3194444444444444 0.0375 0.21666666666666667
14 0.397265625 0.32222222222222224 0.05234375 0.1638888888888889
14 0.446875 0.6645833333333333 0.0484375 0.26805555555555555
14 0.509765625 0.5784722222222223 0.04296875 0.2569444444444444
14 0.8046875 0.5159722222222223 0.04375 0.24305555555555555
13 0.254390625 0.35052777777777777 0.04921875 0.1736111111111111
13 0.4890625 0.3013888888888889 0.0390625 0.2
13 0.451953125 0.4423611111111111 0.04453125 0.2152777777777778
13 0.544921875 0.5722222222222222 0.05078125 0.2388888888888889
13 0.797265625 0.48125 0.03046875 0.2625
12 0.6859375 0.7201388888888889 0.0546875 0.20972222222222223
12 0.825390625 0.275 0.03359375 0.17222222222222222
3 0.7148046875 0.2983472222222222 0.010328125 0.017708333333333333
1 0.72990625 0.31956944444444446 0.010007812500000001 0.01611111111111111
11 0.28465625 0.3695555555555555 0.0081640625 0.012805555555555556
6 0.9336874999999999 0.5765138888888889 0.010437499999999999 0.016777777777777777
5 0.490234375 0.46944444444444444 0.01484375 0.022222222222222223
4 0.5637265625000001 0.6290416666666667 0.0101796875 0.016777777777777777
10 0.442734375 0.8458055555555556 0.008078125 0.013416666666666667