13 0.509375 0.29444444444444445 0.0453125 0.1361111111111111
13 0.2140625 0.3472222222222222 0.0421875 0.1638888888888889
13 0.265625 0.4638888888888889 0.0625 0.16944444444444445
13 0.321875 0.6 0.046875 0.18888888888888888
13 0.703125 0.6222222222222222 0.0734375 0.19166666666666668
14 0.603125 0.3972222222222222 0.0453125 0.15555555555555556
14 0.3859375 0.3861111111111111 0.040625 0.1638888888888889
14 0.3625 0.49722222222222223 0.0421875 0.19166666666666668
14 0.571875 0.5416666666666666 0.040625 0.20277777777777778
14 0.64375 0.5888888888888889 0.0609375 0.2111111111111111
12 0.3453125 0.29444444444444445 0.0328125 0.14722222222222223
12 0.315625 0.7638888888888888 0.05625 0.21944444444444444
12 0.9609375 0.6305555555555555 0.03125 0.2222222222222222
15 0.8671875 0.8833333333333333 0.04375 0.03888888888888889
0 0.903125 0.7222222222222222 0.0203125 0.022222222222222223
4 0.4625 0.6333333333333333 0.0171875 0.027777777777777776
5 0.390625 0.49166666666666664 0.0109375 0.019444444444444445
7 0.6734375 0.4444444444444444 0.015625 0.019444444444444445
6 0.78125 0.575 0.0125 0.019444444444444445
11 0.196875 0.3861111111111111 0.0171875 0.025
3 0.5859375 0.3333333333333333 0.015625 0.016666666666666666