13 0.20703125 0.35833333333333334 0.046875 0.175
13 0.35390625 0.525 0.0421875 0.22777777777777777
13 0.490234375 0.6 0.04921875 0.275
13 0.905859375 0.6243055555555556 0.04765625 0.22916666666666666
14 0.7015625 0.5118055555555555 0.053125 0.21805555555555556
14 0.284765625 0.3923611111111111 0.03984375 0.17083333333333334
14 0.40859375 0.5090277777777777 0.0828125 0.19305555555555556
14 0.531640625 0.5395833333333333 0.04765625 0.24027777777777778
13 0.415234375 0.2972222222222222 0.03203125 0.1527777777777778
14 0.40859375 0.3333333333333333 0.0328125 0.16666666666666666
12 0.68828125 0.31805555555555554 0.0390625 0.16666666666666666
12 0.606640625 0.7131944444444445 0.05234375 0.19305555555555556
3 0.5898749999999999 0.3341527777777778 0.00640625 0.010736111111111111
1 0.6066796875 0.3517638888888889 0.006234375 0.009472222222222222
6 0.8135859375000001 0.5683333333333334 0.0081328125 0.012875
15 0.42853906249999996 0.939125 0.055453125000000006 0.06226388888888889
10 0.38203125 0.8546527777777778 0.0090859375 0.014166666666666666
4 0.48479687499999996 0.6347638888888889 0.006078125 0.011222222222222222