14 0.8984375 0.6791666666666667 0.059375 0.28888888888888886
14 0.2625 0.5243055555555556 0.08125 0.32916666666666666
14 0.599609375 0.36736111111111114 0.08515625 0.1986111111111111
14 0.070703125 0.35347222222222224 0.04609375 0.1763888888888889
14 0.134765625 0.34652777777777777 0.07109375 0.2625
13 0.398046875 0.4701388888888889 0.08046875 0.2763888888888889
13 0.319921875 0.39522222222222225 0.08359375 0.20416666666666666
13 0.526953125 0.34791666666666665 0.06953125 0.22083333333333333
13 0.7609375 0.6 0.109375 0.26944444444444443
13 0.1265625 0.33958333333333335 0.075 0.22361111111111112
5 0.304875 0.45119444444444445 0.013453125 0.020652777777777777
6 0.8484375 0.5684722222222223 0.0109140625 0.01563888888888889
7 0.7060390625 0.3757222222222222 0.010734375 0.016652777777777777
1 0.6040703125 0.2354027777777778 0.01034375 0.014833333333333334
3 0.58421875 0.20820833333333333 0.0101640625 0.017027777777777777
11 0.0435703125 0.32975 0.0108203125 0.015958333333333335
15 0.428515625 0.9340277777777778 0.05703125 0.07083333333333333
12 0.240234375 0.16319444444444445 0.05078125 0.22361111111111112
12 0.109765625 0.8631944444444445 0.05703125 0.27361111111111114
12 0.980078125 0.5555555555555556 0.03984375 0.25833333333333336
4 0.400671875 0.6620694444444445 0.0109765625 0.020972222222222222