14 0.80234375 0.5277777777777778 0.0578125 0.23333333333333334
14 0.40234375 0.63125 0.09375 0.24305555555555555
14 0.37109375 0.30625 0.0390625 0.1875
14 0.599609375 0.3659722222222222 0.04140625 0.1736111111111111
14 0.590234375 0.4534722222222222 0.06015625 0.22361111111111112
13 0.6625 0.5138888888888888 0.0625 0.2361111111111111
13 0.54140625 0.4798611111111111 0.0640625 0.19027777777777777
13 0.333984375 0.6055555555555555 0.07265625 0.20555555555555555
13 0.325390625 0.37083333333333335 0.03515625 0.2
13 0.437109375 0.41458333333333336 0.06484375 0.19583333333333333
12 0.6265625 0.31527777777777777 0.0296875 0.18611111111111112
12 0.479296875 0.8166666666666667 0.06015625 0.24444444444444444
15 0.87578125 0.8472222222222222 0.0484375 0.05277777777777778
2 0.27814843749999996 0.3645555555555556 0.0081875 0.012680555555555556
0 0.26009375 0.3836388888888889 0.0089375 0.012875
10 0.7440390625 0.4394444444444444 0.0084921875 0.014305555555555556
4 0.523515625 0.5385972222222223 0.0090546875 0.013569444444444443
5 0.443890625 0.7008888888888889 0.0111171875 0.017291666666666667
6 0.1705625 0.49225 0.008703125 0.015208333333333332
11 0.577609375 0.9299444444444444 0.0106328125 0.015694444444444445
7 0.0415546875 0.6485416666666667 0.0094296875 0.013166666666666667