15 0.670703125 0.9111111111111111 0.06640625 0.04722222222222222
14 0.264453125 0.63125 0.04765625 0.2625
14 0.436328125 0.5930555555555556 0.07421875 0.2361111111111111
14 0.75078125 0.42777777777777776 0.034375 0.20277777777777778
14 0.83515625 0.5930555555555556 0.05625 0.25555555555555554
13 0.33515625 0.6375 0.0546875 0.24722222222222223
13 0.4109375 0.41388888888888886 0.0578125 0.19166666666666668
13 0.634375 0.44930555555555557 0.0640625 0.20416666666666666
13 0.7359375 0.5173611111111112 0.05625 0.2125
14 0.407421875 0.3951388888888889 0.02578125 0.18472222222222223
4 0.6728828124999999 0.4839027777777778 0.010828125 0.018430555555555554
6 0.3540625 0.4430694444444444 0.0093828125 0.01615277777777778
13 0.576953125 0.6236111111111111 0.05703125 0.2388888888888889
2 0.44022656250000003 0.3138611111111111 0.010796875000000001 0.017805555555555557
12 0.88125 0.3034722222222222 0.04375 0.17916666666666667
12 0.367578125 0.2923611111111111 0.03203125 0.16805555555555557
12 0.511328125 0.7229166666666667 0.04765625 0.1875
10 0.8779843749999999 0.3764166666666666 0.0055078125 0.009972222222222223
5 0.60946875 0.6429027777777777 0.0100859375 0.017819444444444443