14 0.29609375 0.6048611111111111 0.0875 0.2513888888888889
14 0.280078125 0.4076388888888889 0.04765625 0.23472222222222222
14 0.405859375 0.2604166666666667 0.03203125 0.19027777777777777
14 0.899609375 0.6166666666666667 0.04609375 0.2722222222222222
14 0.474609375 0.7361111111111112 0.05234375 0.25555555555555554
13 0.4640625 0.30416666666666664 0.0515625 0.18055555555555555
13 0.4234375 0.4076388888888889 0.0625 0.19305555555555556
13 0.46015625 0.5138888888888888 0.0421875 0.21944444444444444
13 0.513671875 0.6388888888888888 0.06953125 0.2361111111111111
13 0.75 0.46111111111111114 0.040625 0.24166666666666667
12 0.321875 0.7611111111111111 0.075 0.25
4 0.5501171874999999 0.6313055555555556 0.0108203125 0.021291666666666667
6 0.9446875 0.5916944444444444 0.0115 0.01970833333333333
7 0.8440937500000001 0.4155277777777778 0.011601562499999999 0.018819444444444444
1 0.7736953125 0.291375 0.0092578125 0.01411111111111111
3 0.7595468750000001 0.267 0.0084765625 0.013444444444444445
15 0.66953125 0.90625 0.071875 0.05416666666666667
5 0.4977578125 0.4510277777777778 0.00984375 0.01604166666666667