14 0.576171875 0.7055555555555556 0.06640625 0.23333333333333334
14 0.897265625 0.49930555555555556 0.10546875 0.26805555555555555
14 0.687890625 0.3958333333333333 0.06171875 0.2222222222222222
14 0.633203125 0.3104166666666667 0.05078125 0.19305555555555556
14 0.368359375 0.26319444444444445 0.07109375 0.18194444444444444
12 0.1078125 0.27569444444444446 0.0359375 0.17916666666666667
12 0.60625 0.7694444444444445 0.05625 0.21666666666666667
13 0.314453125 0.3159722222222222 0.04921875 0.20416666666666666
13 0.34140625 0.4798611111111111 0.065625 0.24583333333333332
13 0.520359375 0.4533888888888889 0.0515625 0.24583333333333332
13 0.391015625 0.6888888888888889 0.06015625 0.25
15 0.88359375 0.8798611111111111 0.0453125 0.043055555555555555