13 0.171875 0.35555555555555557 0.03125 0.19444444444444445
13 0.196875 0.5555555555555556 0.04375 0.22777777777777777
13 0.49375 0.2722222222222222 0.0390625 0.18888888888888888
13 0.834375 0.5277777777777778 0.03125 0.2222222222222222
13 0.8921875 0.6666666666666666 0.053125 0.21666666666666667
14 0.3140625 0.5416666666666666 0.06875 0.17222222222222222
14 0.203125 0.37777777777777777 0.0453125 0.15833333333333333
14 0.525 0.3416666666666667 0.040625 0.19166666666666668
14 0.7265625 0.5944444444444444 0.0375 0.2
14 0.778125 0.49722222222222223 0.040625 0.21944444444444444
12 0.3453125 0.29444444444444445 0.0296875 0.15833333333333333
12 0.15 0.7944444444444444 0.05 0.2388888888888889
12 0.96875 0.5111111111111111 0.034375 0.20833333333333334
11 0.246875 0.38333333333333336 0.0140625 0.019444444444444445
3 0.6484375 0.3277777777777778 0.0109375 0.016666666666666666
7 0.753125 0.4388888888888889 0.0171875 0.022222222222222223
5 0.45625 0.48333333333333334 0.015625 0.016666666666666666
4 0.5390625 0.6305555555555555 0.01875 0.022222222222222223
15 0.4265625 0.9361111111111111 0.0609375 0.044444444444444446