15 0.878125 0.8444444444444444 0.04375 0.041666666666666664
13 0.0328125 0.4444444444444444 0.0484375 0.23333333333333334
13 0.2625 0.6916666666666667 0.0734375 0.2777777777777778
13 0.4078125 0.2972222222222222 0.0453125 0.16111111111111112
13 0.5890625 0.5888888888888889 0.0625 0.24444444444444444
13 0.775 0.6777777777777778 0.059375 0.23333333333333334
14 0.275 0.4222222222222222 0.078125 0.1527777777777778
14 0.325 0.6944444444444444 0.1234375 0.26944444444444443
14 0.5484375 0.36666666666666664 0.0703125 0.2
14 0.5734375 0.5555555555555556 0.0640625 0.20833333333333334
14 0.7359375 0.6333333333333333 0.0625 0.25555555555555554
4 0.496875 0.6666666666666666 0.021875 0.025
5 0.403125 0.5 0.0203125 0.030555555555555555
6 0.875 0.5972222222222222 0.0203125 0.03333333333333333
7 0.73125 0.45 0.0203125 0.041666666666666664
1 0.6375 0.3527777777777778 0.0203125 0.03611111111111111
3 0.615625 0.325 0.0234375 0.030555555555555555
11 0.1703125 0.3861111111111111 0.015625 0.027777777777777776
12 0.74375 0.3416666666666667 0.040625 0.18055555555555555
12 0.6453125 0.7777777777777778 0.053125 0.22777777777777777