13 0.5765625 0.5916666666666667 0.046875 0.2
13 0.490625 0.38333333333333336 0.0390625 0.175
13 0.3109375 0.2861111111111111 0.0375 0.14444444444444443
12 0.503125 0.2916666666666667 0.034375 0.15833333333333333
13 0.640625 0.7333333333333333 0.06875 0.2111111111111111
14 0.5828125 0.7111111111111111 0.0640625 0.21388888888888888
14 0.290625 0.33611111111111114 0.034375 0.18333333333333332
14 0.4578125 0.3888888888888889 0.05625 0.18333333333333332
14 0.4203125 0.4722222222222222 0.046875 0.1638888888888889
14 0.409375 0.55 0.090625 0.17777777777777778
12 0.60625 0.7944444444444444 0.040625 0.2361111111111111
4 0.459375 0.49166666666666664 0.021875 0.030555555555555555
5 0.384375 0.6416666666666667 0.0234375 0.04722222222222222
6 0.153125 0.4527777777777778 0.01875 0.03611111111111111
7 0.034375 0.5944444444444444 0.015625 0.027777777777777776
2 0.246875 0.3333333333333333 0.015625 0.027777777777777776
0 0.234375 0.35555555555555557 0.0171875 0.03333333333333333
10 0.65625 0.38055555555555554 0.015625 0.025
8 0.9609375 0.41388888888888886 0.021875 0.03333333333333333
9 0.934375 0.9611111111111111 0.034375 0.04722222222222222
15 0.878125 0.8472222222222222 0.0421875 0.041666666666666664
13 0.528125 0.5055555555555555 0.053125 0.21388888888888888