13 0.90625 0.5555555555555556 0.059375 0.19166666666666668
13 0.3296875 0.3 0.040625 0.1527777777777778
13 0.2421875 0.36944444444444446 0.0515625 0.1638888888888889
13 0.35625 0.5722222222222222 0.0875 0.19444444444444445
13 0.20625 0.7194444444444444 0.0625 0.21666666666666667
14 0.390625 0.37222222222222223 0.0453125 0.18611111111111112
14 0.284375 0.39444444444444443 0.04375 0.18888888888888888
14 0.434375 0.5555555555555556 0.0828125 0.18611111111111112
14 0.79375 0.5361111111111111 0.059375 0.18055555555555555
14 0.2671875 0.6444444444444445 0.046875 0.225
12 0.5734375 0.30833333333333335 0.034375 0.16944444444444445
12 0.009375 0.6361111111111111 0.0171875 0.23055555555555557
12 0.978125 0.8111111111111111 0.0421875 0.2222222222222222
10 0.703125 0.39166666666666666 0.0234375 0.03333333333333333
4 0.5078125 0.5138888888888888 0.0234375 0.030555555555555555
5 0.4484375 0.6666666666666666 0.0234375 0.03611111111111111
6 0.2 0.48333333333333334 0.0203125 0.027777777777777776
7 0.1 0.6361111111111111 0.025 0.030555555555555555
15 0.6734375 0.9111111111111111 0.0703125 0.03888888888888889