12 0.05859375 0.2763888888888889 0.059375 0.18888888888888888
12 0.8234375 0.24791666666666667 0.03125 0.1763888888888889
12 0.690625 0.7034722222222223 0.0515625 0.2263888888888889
13 0.182421875 0.48055555555555557 0.05546875 0.2388888888888889
13 0.3640625 0.4125 0.059375 0.19444444444444445
13 0.565625 0.21458333333333332 0.0328125 0.16805555555555557
13 0.69765625 0.5118055555555555 0.040625 0.23472222222222222
13 0.900390625 0.60625 0.08046875 0.2625
14 0.3015625 0.47847222222222224 0.0546875 0.2125
14 0.41875 0.4270833333333333 0.0671875 0.19027777777777777
14 0.537109375 0.3284722222222222 0.04921875 0.16527777777777777
14 0.750390625 0.5326388888888889 0.06171875 0.22083333333333333
14 0.653515625 0.5326388888888889 0.04765625 0.22916666666666666
10 0.2827734375 0.33318055555555554 0.010140625 0.013736111111111112
4 0.5618125 0.5895416666666667 0.010070312500000001 0.018486111111111113
5 0.487328125 0.43194444444444446 0.01184375 0.018236111111111113
7 0.8086874999999999 0.38756944444444447 0.009015625 0.0165
1 0.7273046875 0.2835972222222222 0.00825 0.014263888888888888
3 0.7124843750000001 0.26319444444444445 0.0093125 0.014069444444444445
15 0.67109375 0.9097222222222222 0.0625 0.03888888888888889
11 0.4419140625 0.8063055555555555 0.008984375 0.015569444444444445
6 0.9289296874999999 0.5377222222222222 0.010312499999999999 0.017541666666666667