13 0.803125 0.5277777777777778 0.0578125 0.23333333333333334
13 0.403125 0.6305555555555555 0.09375 0.24166666666666667
13 0.371875 0.3055555555555556 0.0390625 0.18611111111111112
13 0.6 0.36666666666666664 0.040625 0.17222222222222222
13 0.590625 0.4527777777777778 0.059375 0.2222222222222222
14 0.6625 0.5138888888888888 0.0625 0.2361111111111111
14 0.540625 0.48055555555555557 0.0640625 0.18888888888888888
14 0.334375 0.6055555555555555 0.071875 0.20555555555555555
14 0.325 0.37222222222222223 0.034375 0.2
14 0.4375 0.41388888888888886 0.0640625 0.19444444444444445
12 0.6265625 0.31666666666666665 0.0296875 0.18611111111111112
12 0.4796875 0.8166666666666667 0.059375 0.24444444444444444
15 0.875 0.8472222222222222 0.0484375 0.05277777777777778
2 0.28125 0.3611111111111111 0.0140625 0.030555555555555555
0 0.2625 0.3861111111111111 0.0125 0.022222222222222223
10 0.7515625 0.41388888888888886 0.0140625 0.027777777777777776
4 0.5234375 0.5361111111111111 0.0234375 0.03611111111111111
5 0.44375 0.6944444444444444 0.0203125 0.03611111111111111
6 0.171875 0.49444444444444446 0.01875 0.03611111111111111
7 0.04375 0.65 0.01875 0.027777777777777776