13 0.5078125 0.3527777777777778 0.034375 0.11666666666666667
13 0.784375 0.5722222222222222 0.0515625 0.23055555555555557
13 0.6765625 0.6833333333333333 0.0515625 0.22777777777777777
13 0.2359375 0.6166666666666667 0.05625 0.20555555555555555
14 0.3390625 0.5638888888888889 0.0546875 0.19444444444444445
14 0.4796875 0.3472222222222222 0.0328125 0.13055555555555556
14 0.540625 0.4166666666666667 0.0359375 0.15
14 0.696875 0.4777777777777778 0.028125 0.21666666666666667
14 0.6609375 0.5916666666666667 0.059375 0.20833333333333334
2 0.3984375 0.3277777777777778 0.0125 0.013888888888888888
6 0.303125 0.42777777777777776 0.0171875 0.013888888888888888
4 0.5671875 0.475 0.0125 0.016666666666666666
7 0.1890625 0.55 0.0140625 0.022222222222222223
5 0.4890625 0.6083333333333333 0.0125 0.025
10 0.759375 0.38055555555555554 0.009375 0.019444444444444445
0 0.3828125 0.34444444444444444 0.009375 0.016666666666666666