14 0.6390625 0.34652777777777777 0.071875 0.21805555555555556
14 0.4484375 0.46944444444444444 0.0921875 0.24722222222222223
14 0.332421875 0.6986111111111111 0.12734375 0.2861111111111111
14 0.26484375 0.2625 0.0765625 0.19166666666666668
13 0.116015625 0.31180555555555556 0.09921875 0.20416666666666666
13 0.6227031249999999 0.6902777777777778 0.096875 0.2861111111111111
12 0.306640625 0.2625 0.05390625 0.18611111111111112
15 0.429296875 0.9388888888888889 0.06640625 0.05
3 0.695265625 0.3165 0.0158203125 0.025
1 0.71640625 0.33611111111111114 0.0171875 0.022222222222222223
7 0.8186562500000001 0.44681944444444444 0.020859375 0.03023611111111111
4 0.52690625 0.6535138888888888 0.0198046875 0.035625
11 0.1766875 0.3879027777777778 0.014015625 0.020041666666666666
13 0.24690625000000002 0.30243055555555554 0.1125546875 0.22969444444444445
6 0.975734375 0.5980555555555556 0.016015625 0.03065277777777778