13 0.503125 0.4388888888888889 0.084375 0.2388888888888889
13 0.6234375 0.35833333333333334 0.0921875 0.15555555555555556
13 0.5765625 0.6722222222222223 0.0765625 0.24166666666666667
13 0.834375 0.39444444444444443 0.04375 0.20277777777777778
13 0.75625 0.6527777777777778 0.06875 0.23055555555555557
14 0.3109375 0.6638888888888889 0.09375 0.25833333333333336
14 0.8078125 0.45 0.10625 0.22777777777777777
12 0.8421875 0.28055555555555556 0.0734375 0.1638888888888889
15 0.8671875 0.8833333333333333 0.046875 0.03611111111111111
9 0.2453125 0.3861111111111111 0.01875 0.022222222222222223
5 0.5390625 0.5388888888888889 0.0125 0.025
4 0.6609375 0.75 0.0234375 0.03333333333333333
7 0.953125 0.4638888888888889 0.015625 0.019444444444444445
3 0.8015625 0.2972222222222222 0.0140625 0.022222222222222223