14 0.24296875 0.5909722222222222 0.0859375 0.24305555555555555
14 0.408203125 0.42916666666666664 0.07421875 0.2111111111111111
14 0.5125 0.35555555555555557 0.0578125 0.21388888888888888
14 0.921875 0.3909722222222222 0.053125 0.24027777777777778
13 0.547265625 0.56875 0.05234375 0.2375
13 0.9578125 0.44930555555555557 0.06875 0.2375
12 0.1078125 0.33055555555555555 0.0453125 0.19166666666666668
8 0.644078125 0.3936944444444444 0.0105390625 0.017222222222222222
11 0.314671875 0.4025694444444445 0.0093046875 0.014791666666666667
15 0.6890625 0.8826388888888889 0.0515625 0.05416666666666667
4 0.09964062500000001 0.5122083333333334 0.010070312500000001 0.015347222222222224
5 0.019890625000000002 0.6719861111111111 0.0091640625 0.013833333333333335
10 0.994703125 0.41740277777777773 0.0086484375 0.01201388888888889