13 0.1765625 0.40555555555555556 0.0609375 0.19166666666666668
13 0.290625 0.5666666666666667 0.0671875 0.21666666666666667
13 0.3015625 0.4666666666666667 0.08125 0.2
13 0.55 0.24722222222222223 0.0484375 0.15
13 0.8578125 0.6472222222222223 0.0640625 0.2111111111111111
14 0.5125 0.3638888888888889 0.059375 0.1527777777777778
14 0.2171875 0.5333333333333333 0.075 0.18333333333333332
14 0.390625 0.5388888888888889 0.1296875 0.17777777777777778
14 0.728125 0.5361111111111111 0.05625 0.2111111111111111
14 0.3171875 0.41388888888888886 0.071875 0.17777777777777778
12 0.5703125 0.7 0.0484375 0.21666666666666667
12 0.0546875 0.29444444444444445 0.04375 0.16666666666666666
12 0.73125 0.3055555555555556 0.0421875 0.16666666666666666
10 0.40625 0.8444444444444444 0.0203125 0.03333333333333333
11 0.2296875 0.3388888888888889 0.0171875 0.027777777777777776
3 0.6296875 0.29444444444444445 0.021875 0.025
0 0.959375 0.6972222222222222 0.015625 0.027777777777777776
1 0.646875 0.3111111111111111 0.01875 0.025
4 0.503125 0.5972222222222222 0.01875 0.030555555555555555
5 0.4296875 0.45 0.01875 0.027777777777777776
6 0.8359375 0.5416666666666666 0.0203125 0.027777777777777776
7 0.7234375 0.4083333333333333 0.015625 0.030555555555555555
15 0.865625 0.8833333333333333 0.0421875 0.044444444444444446