13 0.8984375 0.6777777777777778 0.059375 0.28888888888888886
13 0.2625 0.525 0.08125 0.3277777777777778
13 0.6 0.36666666666666664 0.084375 0.19722222222222222
13 0.0703125 0.3527777777777778 0.0453125 0.175
13 0.134375 0.3472222222222222 0.0703125 0.2611111111111111
14 0.3984375 0.46944444444444444 0.0796875 0.275
14 0.3203125 0.3972222222222222 0.0828125 0.20277777777777778
14 0.5265625 0.3472222222222222 0.06875 0.21944444444444444
14 0.7609375 0.6 0.109375 0.26944444444444443
14 0.1265625 0.3388888888888889 0.075 0.2222222222222222
4 0.40625 0.6638888888888889 0.021875 0.041666666666666664
5 0.30625 0.45 0.01875 0.030555555555555555
6 0.8421875 0.5666666666666667 0.01875 0.03333333333333333
7 0.70625 0.38055555555555554 0.0234375 0.03333333333333333
1 0.6015625 0.23333333333333334 0.0171875 0.025
3 0.5828125 0.20833333333333334 0.021875 0.03333333333333333
11 0.034375 0.3 0.0140625 0.025
15 0.428125 0.9333333333333333 0.05625 0.06944444444444445
12 0.240625 0.1638888888888889 0.05 0.2222222222222222
12 0.109375 0.8638888888888889 0.05625 0.2722222222222222
12 0.9796875 0.5555555555555556 0.0390625 0.25833333333333336