13 0.6453125 0.6555555555555556 0.0875 0.26944444444444443
13 0.4578125 0.30277777777777776 0.103125 0.26666666666666666
13 0.78125 0.39166666666666666 0.103125 0.26666666666666666
13 0.203125 0.18333333333333332 0.1125 0.2361111111111111
13 0.115625 0.7277777777777777 0.1453125 0.3527777777777778
12 0.35 0.7666666666666667 0.1 0.28055555555555556
12 0.765625 0.11388888888888889 0.0484375 0.20555555555555555
14 0.840625 0.4444444444444444 0.1046875 0.25277777777777777
14 0.240625 0.5388888888888889 0.1140625 0.30277777777777776
14 0.5109375 0.4722222222222222 0.0984375 0.23333333333333334
15 0.428125 0.9333333333333333 0.053125 0.05
5 0.4078125 0.37777777777777777 0.025 0.03611111111111111
6 0.971875 0.48333333333333334 0.0203125 0.041666666666666664
7 0.803125 0.3111111111111111 0.01875 0.030555555555555555
1 0.684375 0.19166666666666668 0.0171875 0.030555555555555555
3 0.665625 0.1638888888888889 0.021875 0.03333333333333333
11 0.125 0.23055555555555557 0.021875 0.030555555555555555