14 0.09921875 0.59375 0.0609375 0.09861111111111111
13 0.159375 0.4798611111111111 0.0515625 0.14583333333333334
13 0.23046875 0.6055555555555555 0.0515625 0.21388888888888888
13 0.603515625 0.38055555555555554 0.03046875 0.15555555555555556
13 0.843359375 0.5875 0.05546875 0.16944444444444445
13 0.84453125 0.6916666666666667 0.0515625 0.12777777777777777
14 0.31875 0.5881944444444445 0.0578125 0.2013888888888889
14 0.57890625 0.4576388888888889 0.0390625 0.15416666666666667
14 0.77578125 0.5590277777777778 0.034375 0.20416666666666666
14 0.71015625 0.6291666666666667 0.034375 0.21388888888888888
12 0.64609375 0.7909722222222222 0.0453125 0.19027777777777777
12 0.110546875 0.37222222222222223 0.04140625 0.16111111111111112
12 0.775390625 0.40902777777777777 0.02578125 0.12638888888888888
11 0.3119140625 0.45668055555555553 0.007828125 0.01125
4 0.5510312500000001 0.6850833333333333 0.007921875 0.013291666666666667
5 0.486703125 0.5464583333333333 0.0085390625 0.01359722222222222
6 0.864796875 0.6550138888888889 0.007046874999999999 0.01148611111111111
1 0.6917578125 0.42916666666666664 0.0082578125 0.012277777777777778
0 0.984375 0.8055555555555556 0.0171875 0.027777777777777776
10 0.446828125 0.8712083333333334 0.007828125 0.014444444444444446
9 0.0265625 0.45625 0.0125 0.02361111111111111
7 0.7619374999999999 0.5213472222222222 0.0056015625 0.011291666666666669
15 0.865234375 0.8860416666666667 0.044 0.04151388888888889
3 0.678703125 0.41227777777777774 0.0058671875 0.010805555555555556