13 0.5625 0.29444444444444445 0.0328125 0.14166666666666666
13 0.20625 0.55 0.05625 0.23055555555555557
13 0.7765625 0.325 0.053125 0.1361111111111111
13 0.809375 0.41944444444444445 0.03125 0.20555555555555555
13 0.84375 0.5166666666666667 0.0578125 0.2361111111111111
14 0.6890625 0.34444444444444444 0.04375 0.1527777777777778
14 0.428125 0.43333333333333335 0.03125 0.19722222222222222
14 0.5234375 0.3277777777777778 0.0375 0.1638888888888889
14 0.6390625 0.45 0.0390625 0.20277777777777778
14 0.753125 0.4638888888888889 0.05 0.2
12 0.953125 0.2916666666666667 0.0578125 0.17777777777777778
12 0.45625 0.6083333333333333 0.0484375 0.19722222222222222
12 0.325 0.30833333333333335 0.034375 0.1638888888888889
4 0.61875 0.44166666666666665 0.01875 0.027777777777777776
5 0.5484375 0.5611111111111111 0.01875 0.03611111111111111
6 0.3390625 0.40555555555555556 0.015625 0.030555555555555555
7 0.23125 0.5138888888888888 0.0234375 0.030555555555555555
2 0.4265625 0.30833333333333335 0.0171875 0.022222222222222223
0 0.4125 0.32222222222222224 0.0171875 0.030555555555555555
1 0.109375 0.6388888888888888 0.025 0.03333333333333333
1 0.428125 0.9333333333333333 0.0515625 0.05277777777777778