13 0.9328125 0.48055555555555557 0.0421875 0.20277777777777778
13 0.64375 0.36666666666666664 0.05 0.15833333333333333
13 0.621875 0.49722222222222223 0.05625 0.19444444444444445
13 0.715625 0.7555555555555555 0.0609375 0.2916666666666667
13 0.484375 0.7861111111111111 0.0765625 0.24722222222222223
14 0.584375 0.3888888888888889 0.0671875 0.14722222222222223
14 0.59375 0.4638888888888889 0.034375 0.19722222222222222
14 0.7734375 0.49722222222222223 0.0375 0.18611111111111112
14 0.55 0.6388888888888888 0.0515625 0.24444444444444444
14 0.4953125 0.6222222222222222 0.065625 0.24166666666666667
10 0.921875 0.4777777777777778 0.0171875 0.025
4 0.7 0.5916666666666667 0.0171875 0.027777777777777776
5 0.6234375 0.7555555555555555 0.015625 0.025
6 0.38125 0.5361111111111111 0.0171875 0.030555555555555555
7 0.2609375 0.6888888888888889 0.0171875 0.025
0 0.4671875 0.4388888888888889 0.015625 0.025
1 0.11875 0.8555555555555555 0.0171875 0.025
2 0.4828125 0.4166666666666667 0.015625 0.025
15 0.428125 0.9361111111111111 0.0578125 0.05277777777777778