14 0.61171875 0.24513888888888888 0.0421875 0.1763888888888889
14 0.16640625 0.4527777777777778 0.053125 0.21944444444444444
13 0.553125 0.3076388888888889 0.025 0.1875
14 0.539453125 0.3888888888888889 0.03828125 0.18611111111111112
13 0.487890625 0.39861111111111114 0.05078125 0.20555555555555555
13 0.355859375 0.45069444444444445 0.04453125 0.20694444444444443
14 0.31171875 0.4756944444444444 0.0953125 0.1763888888888889
13 0.31640625 0.49930555555555556 0.0640625 0.2125
13 0.616796875 0.5256944444444445 0.03984375 0.19027777777777777
14 0.79609375 0.6208333333333333 0.05625 0.23333333333333334
12 0.615625 0.6666666666666666 0.053125 0.19444444444444445
12 0.055859375 0.30486111111111114 0.05390625 0.1597222222222222
12 0.744921875 0.2972222222222222 0.03203125 0.16111111111111112
4 0.4973828125 0.6040138888888889 0.009273437499999999 0.014361111111111111
5 0.4278203125 0.46758333333333335 0.0082578125 0.014791666666666667
6 0.8476015625000001 0.5567361111111111 0.0099375 0.014027777777777778
7 0.7383984375 0.4268611111111111 0.008515625 0.013722222222222222
3 0.6481796875 0.31704166666666667 0.006500000000000001 0.012666666666666666
11 0.2295546875 0.38138888888888894 0.0072421874999999995 0.013625
15 0.689453125 0.8840277777777777 0.04140625 0.05694444444444444
1 0.66228125 0.3348611111111111 0.0074140625000000005 0.012666666666666666