13 0.4 0.7305555555555555 0.05 0.2
13 0.3546875 0.5555555555555556 0.0421875 0.23333333333333334
13 0.278125 0.3611111111111111 0.0390625 0.2
13 0.45625 0.24166666666666667 0.046875 0.17222222222222222
13 0.50625 0.38333333333333336 0.0578125 0.17222222222222222
14 0.4 0.3972222222222222 0.040625 0.15
14 0.5671875 0.35 0.046875 0.16666666666666666
14 0.5859375 0.4222222222222222 0.0421875 0.175
14 0.4921875 0.6944444444444444 0.0828125 0.19722222222222222
14 0.384375 0.5416666666666666 0.0421875 0.19166666666666668
12 0.2859375 0.7666666666666667 0.053125 0.2222222222222222
12 0.9828125 0.5972222222222222 0.03125 0.20833333333333334
12 0.365625 0.24166666666666667 0.03125 0.15833333333333333
11 0.2125 0.3388888888888889 0.015625 0.027777777777777776
6 0.803125 0.55 0.0140625 0.027777777777777776
7 0.7 0.4083333333333333 0.015625 0.027777777777777776
1 0.6234375 0.30833333333333335 0.0125 0.022222222222222223
3 0.6125 0.2833333333333333 0.0140625 0.025
0 0.9265625 0.7166666666666667 0.01875 0.03888888888888889
15 0.6625 0.9194444444444444 0.0546875 0.05