13 0.096875 0.575 0.071875 0.18888888888888888
13 0.371875 0.4166666666666667 0.0453125 0.18888888888888888
13 0.7765625 0.48333333333333334 0.05625 0.16666666666666666
13 0.653125 0.36666666666666664 0.0390625 0.16111111111111112
14 0.178125 0.5722222222222222 0.0796875 0.17777777777777778
14 0.421875 0.46944444444444444 0.06875 0.19166666666666668
14 0.646875 0.3861111111111111 0.0375 0.19444444444444445
14 0.678125 0.4666666666666667 0.0953125 0.21944444444444444
12 0.821875 0.7111111111111111 0.0625 0.19166666666666668
12 0.9078125 0.38333333333333336 0.0453125 0.175
12 0.096875 0.4388888888888889 0.0421875 0.175
5 0.56875 0.5444444444444444 0.0171875 0.027777777777777776
4 0.6765625 0.6722222222222223 0.0265625 0.03888888888888889
7 0.871875 0.49722222222222223 0.01875 0.027777777777777776
9 0.0078125 0.49444444444444446 0.015625 0.030555555555555555
3 0.7484375 0.4083333333333333 0.0140625 0.022222222222222223
11 0.3359375 0.45555555555555555 0.015625 0.030555555555555555
15 0.875 0.85 0.0546875 0.04722222222222222