14 0.1875 0.7111111111111111 0.08125 0.26944444444444443
14 0.5203125 0.48055555555555557 0.059375 0.16944444444444445
14 0.4671875 0.36944444444444446 0.040625 0.15833333333333333
14 0.6609375 0.4722222222222222 0.05625 0.18611111111111112
14 0.79375 0.6944444444444444 0.0734375 0.17222222222222222
12 0.640625 0.7 0.0578125 0.18055555555555555
12 0.10625 0.3972222222222222 0.0421875 0.175
12 0.7078125 0.4 0.0359375 0.16666666666666666
13 0.4375 0.5944444444444444 0.0765625 0.17777777777777778
13 0.56875 0.5055555555555555 0.040625 0.225
13 0.6265625 0.4666666666666667 0.0578125 0.175
13 0.7015625 0.5972222222222222 0.0796875 0.20555555555555555
13 0.5359375 0.45555555555555555 0.0578125 0.15555555555555556
4 0.4609375 0.6694444444444444 0.0203125 0.03888888888888889
5 0.3671875 0.55 0.0171875 0.030555555555555555
6 0.796875 0.6055555555555555 0.01875 0.030555555555555555
3 0.559375 0.4027777777777778 0.0140625 0.030555555555555555
11 0.14375 0.46111111111111114 0.0171875 0.025
0 0.95 0.7361111111111112 0.0171875 0.03611111111111111
15 0.675 0.9111111111111111 0.078125 0.044444444444444446