13 0.2953125 0.3055555555555556 0.078125 0.2638888888888889
13 0.0578125 0.46111111111111114 0.1140625 0.3111111111111111
13 0.4828125 0.625 0.078125 0.32222222222222224
13 0.9265625 0.6611111111111111 0.1375 0.32222222222222224
13 0.5703125 0.22777777777777777 0.0703125 0.18888888888888888
14 0.5609375 0.4027777777777778 0.0640625 0.2861111111111111
14 0.6625 0.3277777777777778 0.065625 0.24166666666666667
14 0.6734375 0.25 0.05625 0.2111111111111111
14 0.95 0.5 0.1 0.26944444444444443
15 0.428125 0.9388888888888889 0.0578125 0.06111111111111111
12 0.2125 0.2 0.090625 0.2111111111111111
12 0.778125 0.6666666666666666 0.0640625 0.2972222222222222
8 0.3671875 0.2777777777777778 0.01875 0.03333333333333333
11 0.7171875 0.2722222222222222 0.01875 0.027777777777777776