13 0.97421875 0.575 0.0515625 0.26666666666666666
13 0.575 0.725 0.0625 0.28055555555555556
13 0.29375 0.6777777777777778 0.0640625 0.28055555555555556
13 0.0375 0.6138888888888889 0.075 0.2833333333333333
13 0.665625 0.39444444444444443 0.0578125 0.2361111111111111
14 0.7578125 0.5055555555555555 0.06875 0.25277777777777777
14 0.228125 0.5111111111111111 0.05625 0.26666666666666666
14 0.325 0.5861111111111111 0.053125 0.26666666666666666
14 0.5375 0.6083333333333333 0.065625 0.26666666666666666
14 0.6125 0.4222222222222222 0.0453125 0.23333333333333334
12 0.809375 0.7722222222222223 0.071875 0.2777777777777778
10 0.896875 0.3972222222222222 0.01875 0.025
4 0.64375 0.5138888888888888 0.015625 0.025
6 0.2703125 0.4666666666666667 0.0140625 0.027777777777777776
7 0.128125 0.6111111111111112 0.0125 0.025
0 0.36875 0.35833333333333334 0.0171875 0.019444444444444445
2 0.3875 0.3388888888888889 0.0140625 0.022222222222222223
15 0.428125 0.9333333333333333 0.0515625 0.058333333333333334