13 0.81875 0.4027777777777778 0.040625 0.15555555555555556
13 0.8421875 0.5277777777777778 0.0765625 0.2111111111111111
13 0.240625 0.5111111111111111 0.0375 0.19722222222222222
13 0.1828125 0.5666666666666667 0.040625 0.24166666666666667
13 0.2125 0.65 0.059375 0.23055555555555557
14 0.6984375 0.4777777777777778 0.0609375 0.19444444444444445
14 0.778125 0.4111111111111111 0.0375 0.16666666666666666
14 0.328125 0.48055555555555557 0.046875 0.18888888888888888
14 0.446875 0.5361111111111111 0.034375 0.2111111111111111
14 0.2734375 0.5194444444444445 0.0390625 0.21666666666666667
12 0.4625 0.6833333333333333 0.053125 0.1638888888888889
12 0.33125 0.33055555555555555 0.0328125 0.1361111111111111
4 0.609375 0.5194444444444445 0.01875 0.027777777777777776
5 0.5421875 0.6416666666666667 0.01875 0.03333333333333333
6 0.3078125 0.4777777777777778 0.0171875 0.030555555555555555
2 0.396875 0.38055555555555554 0.015625 0.022222222222222223
0 0.3828125 0.4 0.0125 0.022222222222222223
10 0.8 0.425 0.0109375 0.022222222222222223
15 0.671875 0.9111111111111111 0.065625 0.05