14 0.501765625 0.43977777777777777 0.0857265625 0.24093055555555556
14 0.6241484374999999 0.3577638888888889 0.09225781250000001 0.15820833333333334
14 0.5763906249999999 0.6712777777777778 0.0767421875 0.2423888888888889
14 0.756 0.6524027777777778 0.0702109375 0.23077777777777778
13 0.3110546875 0.6647361111111111 0.094703125 0.25834722222222223
13 0.8082499999999999 0.4492083333333333 0.107765625 0.227875
12 0.8417187500000001 0.280125 0.0734765625 0.16545833333333332
15 0.8670312499999999 0.8846249999999999 0.0473515625 0.036291666666666667
14 0.83396875 0.3940555555555556 0.044906249999999995 0.20465277777777777
11 0.25646874999999997 0.41456944444444443 0.011609375 0.017180555555555553
5 0.5392421875 0.5384722222222222 0.0138828125 0.026125
4 0.66128125 0.750375 0.014359374999999999 0.021277777777777777
3 0.80171875 0.29754166666666665 0.014695312499999998 0.02322222222222222
7 0.9523203125 0.4663055555555556 0.0129140625 0.01801388888888889