14 0.904296875 0.5486111111111112 0.06953125 0.2111111111111111
14 0.378125 0.31805555555555554 0.040625 0.18888888888888888
14 0.266015625 0.4722222222222222 0.04609375 0.21388888888888888
13 0.332421875 0.4361111111111111 0.04140625 0.21666666666666667
13 0.231640625 0.5076388888888889 0.05859375 0.17916666666666667
13 0.2078125 0.6236111111111111 0.059375 0.2222222222222222
13 0.38125 0.5215277777777778 0.0484375 0.2125
14 0.3796875 0.5722222222222222 0.096875 0.23055555555555557
14 0.155859375 0.6548611111111111 0.05546875 0.2569444444444444
12 0.730078125 0.3451388888888889 0.03984375 0.19305555555555556
12 0.344140625 0.75625 0.05234375 0.19583333333333333
12 0.178125 0.3659722222222222 0.0375 0.19027777777777777
4 0.528359375 0.5534444444444445 0.0084296875 0.01376388888888889
5 0.45249218750000003 0.7057222222222223 0.007664062500000001 0.011152777777777777
6 0.18040625 0.5133194444444444 0.007000000000000001 0.011624999999999998
7 0.0564921875 0.6590555555555555 0.0062734374999999995 0.010263888888888888
10 0.7457499999999999 0.4569861111111111 0.0070859375 0.012458333333333333
2 0.28224218749999996 0.38829166666666665 0.0080078125 0.013708333333333333
15 0.690234375 0.8826388888888889 0.05078125 0.0625
13 0.6631640625 0.49445833333333333 0.0841328125 0.2109861111111111