13 0.125 0.6243055555555556 0.053125 0.2652777777777778
13 0.323828125 0.3368055555555556 0.03046875 0.16805555555555557
13 0.625 0.2881944444444444 0.0375 0.16805555555555557
13 0.334765625 0.3888888888888889 0.06328125 0.17777777777777778
13 0.9328125 0.5993055555555555 0.05 0.23194444444444445
14 0.30234375 0.5972222222222222 0.05625 0.22777777777777777
14 0.372265625 0.4756944444444444 0.04453125 0.19305555555555556
14 0.483203125 0.39791666666666664 0.03984375 0.1875
14 0.645703125 0.38263888888888886 0.04453125 0.2013888888888889
14 0.783203125 0.5326388888888889 0.05546875 0.24027777777777778
12 0.107421875 0.36319444444444443 0.02890625 0.1736111111111111
12 0.701953125 0.6486111111111111 0.05078125 0.18888888888888888
12 0.805859375 0.3576388888888889 0.03984375 0.17083333333333334
4 0.5705234375 0.6049861111111111 0.015335937499999999 0.02309722222222222
5 0.48125 0.4847222222222222 0.0140625 0.025
1 0.68340625 0.3655694444444444 0.0105546875 0.017236111111111112
3 0.66715625 0.35118055555555555 0.0075 0.012361111111111111
11 0.2802265625 0.41406944444444443 0.009828125 0.01563888888888889
15 0.672265625 0.9090277777777778 0.06328125 0.043055555555555555
6 0.9019296875 0.5530833333333334 0.010703124999999999 0.016972222222222222