13 0.576171875 0.5909722222222222 0.04765625 0.2013888888888889
13 0.49140625 0.38263888888888886 0.0390625 0.1763888888888889
13 0.311328125 0.2861111111111111 0.03828125 0.14444444444444443
12 0.50390625 0.2916666666666667 0.034375 0.15833333333333333
13 0.63984375 0.7326388888888888 0.06875 0.2125
14 0.582421875 0.7097222222222223 0.06484375 0.21388888888888888
14 0.290234375 0.3368055555555556 0.03515625 0.18472222222222223
14 0.4578125 0.3888888888888889 0.05625 0.18333333333333332
14 0.420703125 0.47291666666666665 0.04765625 0.16527777777777777
14 0.41015625 0.5513888888888889 0.090625 0.17777777777777778
12 0.60625 0.7958333333333333 0.040625 0.2361111111111111
4 0.4583203125 0.49295833333333333 0.006132812499999999 0.010597222222222221
5 0.38606250000000003 0.6416111111111111 0.0059453125 0.009347222222222222
6 0.15315625 0.45105555555555554 0.006867187499999999 0.011430555555555557
7 0.0340625 0.5944444444444444 0.0071640625 0.012736111111111111
2 0.24864843749999999 0.33275 0.0063984375 0.010083333333333333
0 0.2330546875 0.3529305555555556 0.0066953125 0.010263888888888888
10 0.64909375 0.40054166666666663 0.005648437500000001 0.008902777777777779
8 0.9609375 0.41388888888888886 0.021875 0.03333333333333333
9 0.933984375 0.9618055555555556 0.03515625 0.04861111111111111
15 0.877734375 0.8465277777777778 0.04296875 0.043055555555555555
13 0.52734375 0.50625 0.053125 0.2152777777777778