14 0.804296875 0.42291666666666666 0.04453125 0.22083333333333333
14 0.821875 0.6604166666666667 0.040625 0.2652777777777778
14 0.445703125 0.5354166666666667 0.07578125 0.22361111111111112
14 0.241015625 0.3701388888888889 0.03828125 0.2152777777777778
14 0.10625 0.7111111111111111 0.0765625 0.2861111111111111
13 0.621046875 0.4875 0.0328125 0.20555555555555555
13 0.587890625 0.6201388888888889 0.04609375 0.24027777777777778
13 0.38984375 0.4791666666666667 0.0515625 0.20833333333333334
13 0.233984375 0.49722222222222223 0.05390625 0.20555555555555555
13 0.157421875 0.6270833333333333 0.05234375 0.26805555555555555
12 0.78203125 0.7875 0.059375 0.225
12 0.54921875 0.32083333333333336 0.046875 0.19722222222222222
10 0.6886953124999999 0.4528611111111111 0.0074453125 0.0115
4 0.4803671875 0.5430555555555555 0.0080390625 0.013972222222222223
5 0.411515625 0.6867916666666667 0.0098125 0.01673611111111111
6 0.133015625 0.5073055555555556 0.008968750000000001 0.01475
7 0.016 0.6480555555555556 0.0089296875 0.014222222222222223
2 0.2299453125 0.38859722222222226 0.007140625 0.011180555555555556
0 0.21344531249999998 0.40929166666666666 0.006734374999999999 0.011583333333333333
15 0.428515625 0.9326388888888889 0.04765625 0.05416666666666667
11 0.5466562500000001 0.8758472222222222 0.0054609375000000005 0.008694444444444444