13 0.66875 0.33611111111111114 0.0484375 0.17222222222222222
13 0.26875 0.21944444444444444 0.0390625 0.16944444444444445
13 0.4453125 0.3277777777777778 0.04375 0.19444444444444445
13 0.8328125 0.7222222222222222 0.0734375 0.20833333333333334
14 0.5765625 0.35 0.0546875 0.15
14 0.484375 0.49166666666666664 0.0359375 0.23333333333333334
14 0.271875 0.2722222222222222 0.028125 0.17777777777777778
14 0.353125 0.34444444444444444 0.046875 0.19166666666666668
14 0.1375 0.4888888888888889 0.0375 0.2388888888888889
12 0.184375 0.7361111111111112 0.0515625 0.23055555555555557
12 0.859375 0.2916666666666667 0.053125 0.16944444444444445
12 0.0765625 0.25277777777777777 0.0359375 0.1638888888888889
15 0.909375 0.8444444444444444 0.05 0.04722222222222222
8 0.8671875 0.3472222222222222 0.0109375 0.025
11 0.3796875 0.8805555555555555 0.0125 0.025
4 0.375 0.4361111111111111 0.009375 0.022222222222222223
5 0.29375 0.6027777777777777 0.015625 0.03333333333333333
6 0.06875 0.3972222222222222 0.015625 0.022222222222222223
0 0.1546875 0.29444444444444445 0.0140625 0.030555555555555555
2 0.171875 0.26944444444444443 0.015625 0.019444444444444445