13 0.184375 0.3423611111111111 0.0390625 0.21805555555555556
13 0.480078125 0.3611111111111111 0.05546875 0.20277777777777778
13 0.494140625 0.44375 0.06328125 0.20416666666666666
13 0.733203125 0.48194444444444445 0.05546875 0.24166666666666667
13 0.26171875 0.6416666666666667 0.084375 0.2638888888888889
14 0.341015625 0.34652777777777777 0.03828125 0.21805555555555556
14 0.3265625 0.425 0.0921875 0.20833333333333334
14 0.203125 0.5847222222222223 0.071875 0.20555555555555555
14 0.4765625 0.4652777777777778 0.0515625 0.21666666666666667
14 0.705859375 0.5173611111111112 0.05859375 0.25972222222222224
12 0.849609375 0.34097222222222223 0.04296875 0.1986111111111111
12 0.361328125 0.78125 0.04921875 0.2708333333333333
12 0.208203125 0.30277777777777776 0.03984375 0.18888888888888888
15 0.877734375 0.8472222222222222 0.03984375 0.03333333333333333
10 0.7875078125 0.4317222222222222 0.0104140625 0.014972222222222222
2 0.3042890625 0.3500972222222222 0.011578125 0.015930555555555555
0 0.286328125 0.37248611111111113 0.010921875000000001 0.018541666666666665
4 0.558078125 0.5350277777777778 0.00996875 0.01672222222222222
5 0.47494531249999994 0.7023333333333334 0.0102109375 0.017833333333333333
6 0.1952890625 0.4860555555555555 0.012507812500000002 0.017041666666666667
11 0.6131328125 0.9380972222222221 0.007515625 0.014222222222222223
7 0.06290625 0.6448194444444444 0.013492187499999999 0.018791666666666665