13 0.125 0.625 0.053125 0.2638888888888889
13 0.3234375 0.33611111111111114 0.0296875 0.16666666666666666
13 0.625 0.28888888888888886 0.0375 0.16666666666666666
13 0.334375 0.3888888888888889 0.0625 0.17777777777777778
13 0.9328125 0.6 0.05 0.23055555555555557
14 0.303125 0.5972222222222222 0.05625 0.22777777777777777
14 0.371875 0.475 0.04375 0.19166666666666668
14 0.4828125 0.3972222222222222 0.0390625 0.18611111111111112
14 0.6453125 0.38333333333333336 0.04375 0.2
14 0.7828125 0.5333333333333333 0.0546875 0.2388888888888889
12 0.1078125 0.3638888888888889 0.028125 0.17222222222222222
12 0.7015625 0.65 0.05 0.18888888888888888
12 0.80625 0.35833333333333334 0.0390625 0.16944444444444445
4 0.5703125 0.6055555555555555 0.015625 0.030555555555555555
5 0.48125 0.48333333333333334 0.0140625 0.025
6 0.9015625 0.55 0.015625 0.027777777777777776
1 0.684375 0.36944444444444446 0.0109375 0.025
3 0.665625 0.35 0.009375 0.019444444444444445
11 0.271875 0.3972222222222222 0.0140625 0.022222222222222223
15 0.671875 0.9083333333333333 0.0625 0.041666666666666664