12 0.8125 0.2777777777777778 0.040625 0.19166666666666668
12 0.5015625 0.8305555555555556 0.059375 0.2611111111111111
12 0.265625 0.3138888888888889 0.0390625 0.17777777777777778
13 0.471875 0.25 0.05625 0.15833333333333333
13 0.1796875 0.7611111111111111 0.0625 0.28888888888888886
13 0.7453125 0.4305555555555556 0.0671875 0.2
13 0.759375 0.6083333333333333 0.0828125 0.23333333333333334
13 0.6703125 0.6194444444444445 0.040625 0.20833333333333334
14 0.4671875 0.3388888888888889 0.0421875 0.2
14 0.70625 0.4444444444444444 0.06875 0.21388888888888888
14 0.5765625 0.5444444444444444 0.0609375 0.2222222222222222
14 0.65 0.6638888888888889 0.059375 0.2861111111111111
14 0.2875 0.6055555555555555 0.046875 0.2638888888888889
15 0.8671875 0.8833333333333333 0.0546875 0.04722222222222222
2 0.36875 0.30277777777777776 0.0203125 0.027777777777777776
10 0.8515625 0.35 0.0171875 0.030555555555555555
4 0.6390625 0.49444444444444446 0.0203125 0.03333333333333333
5 0.5859375 0.6833333333333333 0.021875 0.03333333333333333
6 0.2828125 0.45555555555555555 0.01875 0.03333333333333333
0 0.3546875 0.3277777777777778 0.015625 0.025