13 0.2953125 0.3055555555555556 0.078125 0.2638888888888889
13 0.057421875 0.46041666666666664 0.11484375 0.3125
13 0.4828125 0.6243055555555556 0.078125 0.3236111111111111
13 0.926171875 0.6625 0.13828125 0.32222222222222224
13 0.569921875 0.22708333333333333 0.07109375 0.19027777777777777
14 0.5609375 0.40347222222222223 0.0640625 0.2875
14 0.66171875 0.3277777777777778 0.065625 0.24166666666666667
14 0.673046875 0.2513888888888889 0.05703125 0.2111111111111111
14 0.95 0.5013888888888889 0.1 0.26944444444444443
15 0.42734375 0.9381944444444444 0.0578125 0.0625
12 0.212109375 0.2013888888888889 0.09140625 0.2111111111111111
12 0.778125 0.6652777777777777 0.0640625 0.2972222222222222
9 0.3670078125 0.2805 0.015335937499999999 0.026583333333333334
11 0.7230859374999999 0.29290277777777773 0.0107578125 0.01625
10 0.8964609375 0.7921944444444444 0.0116875 0.017263888888888888