12 0.81328125 0.27708333333333335 0.040625 0.19305555555555556
12 0.5015625 0.83125 0.059375 0.2625
12 0.266015625 0.3145833333333333 0.03984375 0.17916666666666667
13 0.471484375 0.24930555555555556 0.05703125 0.1597222222222222
13 0.1796875 0.7618055555555555 0.0625 0.2902777777777778
13 0.745703125 0.42986111111111114 0.06796875 0.2013888888888889
13 0.75859375 0.6083333333333333 0.0828125 0.23333333333333334
13 0.669921875 0.6201388888888889 0.04140625 0.20972222222222223
14 0.467578125 0.3402777777777778 0.04296875 0.2
14 0.70546875 0.4444444444444444 0.06875 0.21388888888888888
14 0.576953125 0.5444444444444444 0.06171875 0.2222222222222222
14 0.64921875 0.6638888888888889 0.059375 0.2861111111111111
14 0.287109375 0.6041666666666666 0.04765625 0.2638888888888889
15 0.866796875 0.8833333333333333 0.05546875 0.04722222222222222
2 0.36840625 0.3029305555555556 0.0089453125 0.01338888888888889
10 0.8483124999999999 0.3737361111111111 0.007859375 0.013166666666666667
4 0.6407421875 0.4971944444444445 0.009210937499999999 0.015569444444444445
5 0.5862812500000001 0.6851666666666667 0.0091328125 0.015569444444444445
6 0.2832421875 0.4573888888888889 0.0089375 0.01526388888888889
0 0.3541328125 0.32993055555555556 0.0083125 0.014277777777777776
1 0.066765625 0.8467361111111111 0.0113046875 0.01838888888888889