14 0.484375 0.41388888888888886 0.05625 0.2
14 0.4421875 0.5333333333333333 0.0640625 0.24166666666666667
14 0.375 0.5388888888888889 0.0515625 0.2861111111111111
14 0.2859375 0.5222222222222223 0.04375 0.25
14 0.66875 0.4388888888888889 0.053125 0.20833333333333334
13 0.4546875 0.3388888888888889 0.04375 0.19166666666666668
13 0.7546875 0.4166666666666667 0.06875 0.18333333333333332
13 0.7890625 0.6861111111111111 0.059375 0.3111111111111111
13 0.1046875 0.5916666666666667 0.040625 0.26666666666666666
13 0.09375 0.7444444444444445 0.1046875 0.3194444444444444
12 0.3890625 0.8 0.065625 0.21944444444444444
12 0.2765625 0.38055555555555554 0.0375 0.18055555555555555
10 0.9109375 0.4888888888888889 0.025 0.027777777777777776
2 0.3921875 0.4222222222222222 0.015625 0.025
4 0.646875 0.5972222222222222 0.021875 0.027777777777777776
5 0.5484375 0.7555555555555555 0.015625 0.03333333333333333
7 0.121875 0.6888888888888889 0.0203125 0.03611111111111111
15 0.428125 0.9388888888888889 0.04375 0.05