13 0.184375 0.3416666666666667 0.0390625 0.21666666666666667
13 0.4796875 0.3611111111111111 0.0546875 0.20277777777777778
13 0.49375 0.4444444444444444 0.0625 0.20277777777777778
13 0.7328125 0.48333333333333334 0.0546875 0.24166666666666667
13 0.2625 0.6416666666666667 0.084375 0.2638888888888889
14 0.340625 0.3472222222222222 0.0375 0.21666666666666667
14 0.3265625 0.425 0.0921875 0.20833333333333334
14 0.203125 0.5833333333333334 0.071875 0.20555555555555555
14 0.4765625 0.4666666666666667 0.0515625 0.21666666666666667
14 0.70625 0.5166666666666667 0.0578125 0.25833333333333336
12 0.85 0.3416666666666667 0.0421875 0.19722222222222222
12 0.3609375 0.7805555555555556 0.0484375 0.26944444444444443
12 0.2078125 0.30277777777777776 0.0390625 0.18888888888888888
15 0.878125 0.8472222222222222 0.0390625 0.03333333333333333
10 0.796875 0.4111111111111111 0.01875 0.025
2 0.30625 0.3472222222222222 0.021875 0.025
0 0.2859375 0.37222222222222223 0.0140625 0.025
4 0.5578125 0.5361111111111111 0.01875 0.025
5 0.4765625 0.7055555555555556 0.01875 0.027777777777777776
6 0.1953125 0.4888888888888889 0.0203125 0.030555555555555555
7 0.065625 0.6472222222222223 0.0203125 0.030555555555555555