13 0.773046875 0.41041666666666665 0.05078125 0.19305555555555556
13 0.409375 0.25 0.053125 0.18055555555555555
13 0.5421875 0.80625 0.0703125 0.26805555555555555
13 0.095703125 0.7854166666666667 0.05859375 0.26805555555555555
14 0.308203125 0.5208333333333334 0.05703125 0.2222222222222222
14 0.377734375 0.625 0.05234375 0.21944444444444444
14 0.499609375 0.4263888888888889 0.06171875 0.19722222222222222
14 0.393359375 0.32013888888888886 0.03359375 0.2125
14 0.82578125 0.4305555555555556 0.071875 0.16944444444444445
12 0.18515625 0.3020833333333333 0.034375 0.18472222222222223
12 0.250390625 0.8416666666666667 0.05546875 0.25277777777777777
12 0.837890625 0.29583333333333334 0.03984375 0.17777777777777778
2 0.2791171875 0.3069305555555556 0.0113671875 0.019319444444444445
0 0.2615703125 0.332625 0.0110859375 0.017930555555555557
6 0.17496875 0.4636805555555556 0.012968750000000001 0.01976388888888889
7 0.051312500000000004 0.6446388888888889 0.0124453125 0.01984722222222222
5 0.436234375 0.7011666666666666 0.0123828125 0.018847222222222224
10 0.7292734375000001 0.3905416666666667 0.0072421874999999995 0.009416666666666667
15 0.868359375 0.8861111111111111 0.04609375 0.044444444444444446
11 0.5580859375 0.9524999999999999 0.0084765625 0.014166666666666666