13 0.7734375 0.4111111111111111 0.05 0.19166666666666668
13 0.409375 0.25 0.053125 0.18055555555555555
13 0.5421875 0.8055555555555556 0.0703125 0.26666666666666666
13 0.0953125 0.7861111111111111 0.0578125 0.26666666666666666
14 0.3078125 0.5222222222222223 0.05625 0.2222222222222222
14 0.378125 0.625 0.0515625 0.21944444444444444
14 0.5 0.42777777777777776 0.0609375 0.19722222222222222
14 0.39375 0.3194444444444444 0.0328125 0.2111111111111111
14 0.825 0.4305555555555556 0.071875 0.16944444444444445
12 0.184375 0.30277777777777776 0.034375 0.18333333333333332
12 0.25 0.8416666666666667 0.0546875 0.25277777777777777
12 0.8375 0.29444444444444445 0.0390625 0.17777777777777778
2 0.28125 0.30833333333333335 0.015625 0.025
0 0.2625 0.3333333333333333 0.0171875 0.025
6 0.1765625 0.46111111111111114 0.015625 0.027777777777777776
7 0.05 0.6472222222222223 0.015625 0.022222222222222223
5 0.434375 0.7 0.01875 0.025
10 0.7359375 0.3611111111111111 0.0125 0.025
15 0.86875 0.8861111111111111 0.0453125 0.044444444444444446