13 0.3109375 0.45555555555555555 0.0640625 0.18055555555555555
13 0.23125 0.7444444444444445 0.090625 0.24166666666666667
13 0.034375 0.34444444444444444 0.0671875 0.20555555555555555
13 0.3296875 0.25555555555555554 0.071875 0.18055555555555555
14 0.4203125 0.30833333333333335 0.084375 0.19166666666666668
14 0.434375 0.4638888888888889 0.059375 0.17222222222222222
14 0.509375 0.6777777777777778 0.0796875 0.23333333333333334
12 0.6578125 0.24166666666666667 0.0515625 0.16666666666666666
12 0.1484375 0.85 0.1 0.22777777777777777
15 0.8640625 0.8833333333333333 0.05 0.044444444444444446
8 0.478125 0.3 0.025 0.030555555555555555
11 0.15 0.3 0.021875 0.022222222222222223
10 0.803125 0.3 0.0203125 0.027777777777777776