14 0.311328125 0.45625 0.06484375 0.18194444444444444
14 0.230859375 0.74375 0.09140625 0.24305555555555555
14 0.033984375 0.3458333333333333 0.06796875 0.20555555555555555
14 0.330078125 0.25625 0.07265625 0.18194444444444444
13 0.419921875 0.3090277777777778 0.08515625 0.19305555555555556
13 0.43359375 0.46458333333333335 0.059375 0.1736111111111111
13 0.509765625 0.6770833333333334 0.08046875 0.23472222222222222
12 0.6578125 0.24166666666666667 0.0515625 0.16666666666666666
12 0.148046875 0.8506944444444444 0.10078125 0.22916666666666666
15 0.8640625 0.8847222222222222 0.05 0.044444444444444446
8 0.47665625 0.30243055555555554 0.0096875 0.015722222222222224
11 0.14054687500000002 0.32579166666666665 0.0081875 0.012375
10 0.8089609375 0.32955555555555555 0.0121640625 0.019666666666666666
11 0.9286875 0.9310694444444445 0.014171875 0.02036111111111111