13 0.878125 0.5111111111111111 0.046875 0.2361111111111111
13 0.75625 0.7444444444444445 0.0609375 0.28055555555555556
13 0.53125 0.34444444444444444 0.0609375 0.17777777777777778
13 0.440625 0.23333333333333334 0.0390625 0.16111111111111112
13 0.15 0.7583333333333333 0.0625 0.24166666666666667
12 0.69375 0.25833333333333336 0.040625 0.16666666666666666
12 0.05625 0.5888888888888889 0.05 0.23055555555555557
12 0.8046875 0.8666666666666667 0.0703125 0.2611111111111111
15 0.671875 0.9055555555555556 0.0640625 0.03611111111111111
14 0.290625 0.6222222222222222 0.0484375 0.24444444444444444
14 0.4375 0.3888888888888889 0.06875 0.18888888888888888
14 0.46875 0.32222222222222224 0.0359375 0.20277777777777778
14 0.753125 0.48333333333333334 0.046875 0.225
14 0.60625 0.6277777777777778 0.0953125 0.2222222222222222
10 0.840625 0.3527777777777778 0.01875 0.027777777777777776
2 0.3859375 0.29444444444444445 0.0171875 0.025
0 0.3671875 0.3194444444444444 0.0203125 0.022222222222222223
1 0.0296875 0.8222222222222222 0.0234375 0.025
4 0.615625 0.49444444444444446 0.0203125 0.027777777777777776
5 0.5359375 0.6833333333333333 0.01875 0.030555555555555555
6 0.284375 0.4444444444444444 0.0203125 0.027777777777777776
7 0.1640625 0.6222222222222222 0.0171875 0.027777777777777776