13 0.194921875 0.6979166666666666 0.06015625 0.2263888888888889
13 0.427734375 0.24583333333333332 0.03828125 0.18888888888888888
13 0.65703125 0.36041666666666666 0.053125 0.1986111111111111
13 0.5359375 0.3875 0.046875 0.22777777777777777
13 0.917578125 0.4638888888888889 0.05859375 0.22777777777777777
14 0.430078125 0.28402777777777777 0.05546875 0.18472222222222223
14 0.32578125 0.5756944444444444 0.0390625 0.21805555555555556
14 0.556640625 0.4270833333333333 0.06328125 0.2263888888888889
14 0.6 0.3541666666666667 0.0359375 0.21944444444444444
14 0.78046875 0.4736111111111111 0.05 0.21944444444444444
12 0.89609375 0.7944444444444444 0.0796875 0.23055555555555557
12 0.54921875 0.19722222222222222 0.0375 0.17222222222222222
10 0.6803515625000001 0.32333333333333336 0.009156250000000001 0.015250000000000001
2 0.253125 0.2519166666666667 0.0074062500000000005 0.014902777777777779
0 0.2375 0.2760416666666667 0.007796875 0.012472222222222223
4 0.4788125 0.4401111111111111 0.009929687500000001 0.015569444444444445
5 0.4059609375 0.6203055555555556 0.007585937500000001 0.012791666666666668
6 0.155953125 0.3996388888888889 0.0095390625 0.013847222222222223
15 0.670703125 0.9076388888888889 0.07109375 0.05138888888888889
7 0.0388671875 0.5739583333333333 0.00975 0.01663888888888889
11 0.5223671875 0.8545 0.009484375 0.01623611111111111