13 0.878125 0.5104166666666666 0.046875 0.2375
13 0.75625 0.7444444444444445 0.0609375 0.28055555555555556
13 0.53125 0.3451388888888889 0.0609375 0.17916666666666667
13 0.440234375 0.23472222222222222 0.03984375 0.16111111111111112
13 0.15078125 0.7590277777777777 0.0625 0.24305555555555555
12 0.693359375 0.2590277777777778 0.04140625 0.16805555555555557
12 0.056640625 0.5881944444444445 0.05078125 0.23194444444444445
12 0.804296875 0.8659722222222223 0.07109375 0.2625
15 0.67109375 0.90625 0.0640625 0.0375
14 0.290625 0.6236111111111111 0.0484375 0.24444444444444444
14 0.4375 0.38958333333333334 0.06875 0.19027777777777777
14 0.46875 0.3229166666666667 0.0359375 0.20416666666666666
14 0.75390625 0.4840277777777778 0.046875 0.2263888888888889
14 0.60546875 0.6270833333333333 0.0953125 0.22361111111111112
2 0.38403125 0.2944861111111111 0.0083125 0.01609722222222222
0 0.366609375 0.32043055555555555 0.00978125 0.01634722222222222
1 0.026218750000000002 0.8198055555555556 0.012632812500000002 0.017069444444444443
4 0.61546875 0.4980972222222222 0.012992187499999999 0.01986111111111111
5 0.5360234375 0.6852916666666667 0.012210937500000001 0.01811111111111111
6 0.281984375 0.44758333333333333 0.0101015625 0.017402777777777777
7 0.1637890625 0.6216944444444444 0.01221875 0.01788888888888889
10 0.83296875 0.37809722222222225 0.0133359375 0.022375