14 0.889453125 0.41875 0.03984375 0.16805555555555557
14 0.633203125 0.29791666666666666 0.06328125 0.1486111111111111
14 0.79375 0.38263888888888886 0.046875 0.18194444444444444
14 0.049609375 0.7430555555555556 0.07734375 0.20833333333333334
13 0.356640625 0.4222222222222222 0.03515625 0.18611111111111112
13 0.11640625 0.41180555555555554 0.0390625 0.19027777777777777
13 0.016796875 0.4777777777777778 0.03359375 0.22777777777777777
12 0.902734375 0.3277777777777778 0.05859375 0.1527777777777778
12 0.219140625 0.8402777777777778 0.08046875 0.19166666666666668
15 0.876171875 0.8472222222222222 0.04453125 0.03611111111111111
9 0.2616640625 0.3494027777777778 0.010125 0.015458333333333334
11 0.5424765625 0.3564861111111111 0.0088046875 0.013680555555555555
3 0.9476640625 0.3072916666666667 0.009296875 0.018680555555555554
5 0.7183437500000001 0.47152777777777777 0.0093046875 0.01659722222222222
4 0.7771484375 0.6419444444444444 0.0104140625 0.015805555555555555
10 0.65278125 0.85275 0.0085546875 0.014722222222222222