13 0.934375 0.5083333333333333 0.04375 0.23055555555555557
13 0.528125 0.375 0.0609375 0.14722222222222223
13 0.4640625 0.375 0.046875 0.19444444444444445
13 0.39375 0.23333333333333334 0.034375 0.16111111111111112
13 0.109375 0.7 0.0484375 0.25
14 0.1875 0.5972222222222222 0.0515625 0.21388888888888888
14 0.390625 0.30277777777777776 0.0328125 0.16944444444444445
14 0.45 0.44166666666666665 0.0296875 0.2111111111111111
14 0.459375 0.35555555555555557 0.05625 0.11944444444444445
14 0.815625 0.5361111111111111 0.053125 0.20277777777777778
12 0.946875 0.35555555555555557 0.0390625 0.17777777777777778
12 0.3265625 0.775 0.059375 0.2111111111111111
12 0.2125 0.2861111111111111 0.034375 0.14722222222222223
10 0.721875 0.3416666666666667 0.0125 0.022222222222222223
15 0.8765625 0.8472222222222222 0.0453125 0.05277777777777778
4 0.525 0.475 0.015625 0.027777777777777776
5 0.4515625 0.6388888888888888 0.0171875 0.022222222222222223
6 0.2265625 0.425 0.0140625 0.027777777777777776
7 0.115625 0.5833333333333334 0.015625 0.025
2 0.3171875 0.2916666666666667 0.0109375 0.022222222222222223
0 0.3 0.3111111111111111 0.0140625 0.019444444444444445