13 0.93359375 0.5076388888888889 0.04375 0.23194444444444445
13 0.52734375 0.37569444444444444 0.0609375 0.1486111111111111
13 0.4640625 0.37569444444444444 0.046875 0.19583333333333333
13 0.39453125 0.2326388888888889 0.034375 0.1625
13 0.10859375 0.6986111111111111 0.0484375 0.25
14 0.187890625 0.5972222222222222 0.05234375 0.21388888888888888
14 0.391015625 0.30277777777777776 0.03359375 0.16944444444444445
14 0.45 0.44166666666666665 0.0296875 0.2111111111111111
14 0.459375 0.3548611111111111 0.05625 0.12083333333333333
14 0.81640625 0.5368055555555555 0.053125 0.20416666666666666
12 0.946875 0.3541666666666667 0.0390625 0.17777777777777778
12 0.326171875 0.775 0.06015625 0.2111111111111111
12 0.21171875 0.2861111111111111 0.034375 0.14722222222222223
10 0.7143359375 0.3681388888888889 0.0067734375 0.012444444444444445
15 0.8765625 0.8479166666666667 0.0453125 0.05416666666666667
4 0.5239921875 0.47329166666666667 0.010125 0.016541666666666666
5 0.45339843750000003 0.6390972222222222 0.0107734375 0.015305555555555555
6 0.22502343749999998 0.4262222222222222 0.0084296875 0.016374999999999997
8 0.11699999999999999 0.5859861111111111 0.0073828125 0.011569444444444445
2 0.316109375 0.29097222222222224 0.007593750000000001 0.013833333333333335
0 0.30146875 0.31355555555555553 0.0085625 0.01375
11 0.5613828125 0.8648750000000001 0.0088046875 0.013083333333333334