15 0.8796875 0.8444444444444444 0.046875 0.044444444444444446
13 0.8890625 0.36944444444444446 0.046875 0.16944444444444445
13 0.753125 0.4722222222222222 0.0546875 0.21944444444444444
13 0.75 0.49166666666666664 0.05 0.24722222222222223
13 0.1140625 0.6833333333333333 0.0734375 0.25277777777777777
13 0.3796875 0.18333333333333332 0.0359375 0.17777777777777778
14 0.34375 0.21666666666666667 0.0421875 0.18055555555555555
14 0.225 0.5583333333333333 0.0375 0.24722222222222223
14 0.5578125 0.4638888888888889 0.05625 0.2388888888888889
14 0.6640625 0.5527777777777778 0.0859375 0.225
14 0.7796875 0.3277777777777778 0.053125 0.16944444444444445
12 0.296875 0.7527777777777778 0.0546875 0.21666666666666667
12 0.15 0.28888888888888886 0.0453125 0.19444444444444445
4 0.4921875 0.4305555555555556 0.015625 0.025
5 0.4171875 0.6083333333333333 0.01875 0.03611111111111111
6 0.175 0.38333333333333336 0.0171875 0.027777777777777776
7 0.05625 0.5527777777777778 0.0171875 0.027777777777777776
2 0.26875 0.2361111111111111 0.015625 0.022222222222222223
0 0.2546875 0.2611111111111111 0.0125 0.025
10 0.7046875 0.28888888888888886 0.0171875 0.025