13 0.65625 0.5527777777777778 0.0921875 0.23055555555555557
13 0.609375 0.35555555555555557 0.059375 0.175
13 0.3125 0.3611111111111111 0.0734375 0.18055555555555555
13 0.128125 0.32222222222222224 0.0890625 0.16944444444444445
13 0.1171875 0.7416666666666667 0.1015625 0.25
14 0.296875 0.6861111111111111 0.115625 0.225
14 0.509375 0.4583333333333333 0.0625 0.23055555555555557
14 0.2015625 0.3861111111111111 0.1 0.2111111111111111
12 0.803125 0.3277777777777778 0.065625 0.16944444444444445
12 0.4015625 0.9 0.084375 0.19722222222222222
15 0.671875 0.9138888888888889 0.06875 0.041666666666666664
4 0.6796875 0.6916666666666667 0.028125 0.03333333333333333
5 0.609375 0.49166666666666664 0.0234375 0.03888888888888889
7 0.9640625 0.45 0.0171875 0.03611111111111111
3 0.8625 0.28888888888888886 0.0203125 0.027777777777777776
1 0.88125 0.31666666666666665 0.03125 0.030555555555555555
9 0.0546875 0.375 0.0203125 0.03611111111111111
11 0.39375 0.3388888888888889 0.0234375 0.03888888888888889