12 0.075 0.23333333333333334 0.0328125 0.15555555555555556
12 0.571875 0.6861111111111111 0.04375 0.2111111111111111
12 0.7546875 0.2388888888888889 0.0328125 0.175
13 0.8125 0.4583333333333333 0.0546875 0.16666666666666666
13 0.7921875 0.6333333333333333 0.040625 0.21666666666666667
13 0.440625 0.18888888888888888 0.053125 0.15555555555555556
13 0.246875 0.4166666666666667 0.0703125 0.16666666666666666
13 0.08125 0.4527777777777778 0.0515625 0.21666666666666667
14 0.1828125 0.48055555555555557 0.0484375 0.19722222222222222
14 0.271875 0.40555555555555556 0.0375 0.17777777777777778
14 0.4828125 0.28888888888888886 0.0390625 0.19166666666666668
14 0.73125 0.5388888888888889 0.0375 0.19722222222222222
14 0.7671875 0.41944444444444445 0.0484375 0.19166666666666668
0 0.9296875 0.6972222222222222 0.015625 0.027777777777777776
1 0.6625 0.25 0.0171875 0.022222222222222223
3 0.646875 0.225 0.0171875 0.025
11 0.2484375 0.2722222222222222 0.0140625 0.027777777777777776
4 0.4953125 0.5722222222222222 0.015625 0.030555555555555555
5 0.4375 0.40555555555555556 0.0171875 0.022222222222222223
7 0.7265625 0.3611111111111111 0.0109375 0.022222222222222223
15 0.865625 0.8833333333333333 0.0484375 0.05