15 0.8796875 0.84375 0.046875 0.04583333333333333
14 0.889453125 0.3701388888888889 0.04765625 0.17083333333333334
14 0.753125 0.4722222222222222 0.0546875 0.21944444444444444
14 0.75078125 0.49236111111111114 0.05 0.24861111111111112
14 0.114453125 0.6833333333333333 0.07421875 0.25277777777777777
14 0.379296875 0.1840277777777778 0.03671875 0.17916666666666667
13 0.344140625 0.2152777777777778 0.04296875 0.18055555555555555
13 0.225390625 0.5590277777777778 0.03828125 0.24861111111111112
13 0.558203125 0.46319444444444446 0.05703125 0.24027777777777778
13 0.663671875 0.5534722222222223 0.08671875 0.2263888888888889
13 0.7796875 0.3277777777777778 0.053125 0.16944444444444445
12 0.296484375 0.7534722222222222 0.05546875 0.21805555555555556
12 0.15 0.28888888888888886 0.0453125 0.19444444444444445
4 0.4931640625 0.42968055555555557 0.00975 0.015597222222222222
5 0.419046875 0.6076388888888888 0.0111171875 0.01801388888888889
6 0.1732421875 0.38106944444444446 0.010140625 0.015597222222222222
7 0.0565390625 0.5517361111111111 0.0095546875 0.017333333333333333
0 0.254984375 0.2598888888888889 0.009171875 0.014902777777777779
10 0.6972734375 0.3177638888888889 0.009140625 0.015208333333333332
11 0.5336093749999999 0.8471249999999999 0.008375 0.01634722222222222
2 0.270609375 0.23594444444444443 0.0091640625 0.01351388888888889