13 0.920703125 0.4986111111111111 0.04453125 0.23333333333333334
13 0.570703125 0.37083333333333335 0.05546875 0.18333333333333332
13 0.58203125 0.5916666666666667 0.0484375 0.25555555555555554
13 0.122265625 0.6666666666666666 0.06015625 0.25
13 0.3296875 0.2263888888888889 0.0421875 0.16666666666666666
14 0.35390625 0.32013888888888886 0.0421875 0.15138888888888888
14 0.508984375 0.3597222222222222 0.06328125 0.18611111111111112
14 0.4546875 0.4666666666666667 0.084375 0.19722222222222222
14 0.712109375 0.43680555555555556 0.07734375 0.24027777777777778
14 0.187890625 0.5555555555555556 0.04921875 0.2111111111111111
12 0.241015625 0.24861111111111112 0.03359375 0.16111111111111112
12 0.3125 0.7326388888888888 0.0453125 0.22083333333333333
12 0.665234375 0.21805555555555556 0.04453125 0.16666666666666666
10 0.7232968750000001 0.32705555555555554 0.008234374999999999 0.012916666666666668
2 0.31153125 0.24566666666666667 0.010187499999999999 0.015027777777777779
0 0.2972578125 0.2682361111111111 0.0098125 0.016374999999999997
4 0.5253984375 0.43352777777777773 0.0094453125 0.014319444444444445
5 0.45234375 0.6064305555555556 0.009031250000000001 0.015041666666666667
6 0.2185546875 0.386375 0.0106953125 0.01663888888888889
7 0.106734375 0.5476944444444444 0.0115859375 0.017041666666666667
15 0.87578125 0.8444444444444444 0.0515625 0.041666666666666664
11 0.5630468750000001 0.8378749999999999 0.00846875 0.011680555555555555