13 0.9203125 0.5 0.04375 0.23333333333333334
13 0.5703125 0.37222222222222223 0.0546875 0.18333333333333332
13 0.58125 0.5916666666666667 0.0484375 0.25555555555555554
13 0.121875 0.6666666666666666 0.059375 0.25
13 0.3296875 0.22777777777777777 0.0421875 0.16666666666666666
14 0.353125 0.3194444444444444 0.0421875 0.15
14 0.509375 0.3611111111111111 0.0625 0.18611111111111112
14 0.4546875 0.4666666666666667 0.084375 0.19722222222222222
14 0.7125 0.4361111111111111 0.0765625 0.2388888888888889
14 0.1875 0.5555555555555556 0.0484375 0.2111111111111111
12 0.240625 0.25 0.0328125 0.16111111111111112
12 0.3125 0.7333333333333333 0.0453125 0.21944444444444444
12 0.665625 0.21666666666666667 0.04375 0.16666666666666666
10 0.73125 0.30277777777777776 0.0125 0.019444444444444445
2 0.3125 0.24722222222222223 0.0140625 0.025
0 0.296875 0.26944444444444443 0.015625 0.022222222222222223
4 0.5265625 0.4361111111111111 0.01875 0.022222222222222223
5 0.453125 0.6055555555555555 0.0140625 0.027777777777777776
6 0.221875 0.3861111111111111 0.01875 0.027777777777777776
7 0.10625 0.5444444444444444 0.01875 0.025
15 0.875 0.8444444444444444 0.0515625 0.041666666666666664