13 0.8890625 0.41944444444444445 0.0390625 0.16666666666666666
13 0.6328125 0.2972222222222222 0.0625 0.14722222222222223
13 0.79375 0.38333333333333336 0.046875 0.18055555555555555
13 0.05 0.7444444444444445 0.0765625 0.20833333333333334
14 0.35625 0.4222222222222222 0.034375 0.18611111111111112
14 0.115625 0.4111111111111111 0.0390625 0.18888888888888888
14 0.0171875 0.4777777777777778 0.0328125 0.22777777777777777
12 0.903125 0.3277777777777778 0.0578125 0.1527777777777778
12 0.21875 0.8388888888888889 0.0796875 0.19166666666666668
15 0.8765625 0.8472222222222222 0.04375 0.03611111111111111
9 0.2609375 0.35 0.0234375 0.025
11 0.5390625 0.3333333333333333 0.0140625 0.016666666666666666
3 0.946875 0.30833333333333335 0.0140625 0.022222222222222223
5 0.71875 0.4722222222222222 0.0140625 0.019444444444444445
4 0.7765625 0.6472222222222223 0.01875 0.025