14 0.65625 0.5520833333333334 0.0921875 0.23194444444444445
14 0.608984375 0.35555555555555557 0.06015625 0.175
14 0.31171875 0.36041666666666666 0.0734375 0.18194444444444444
14 0.128125 0.32222222222222224 0.0890625 0.16944444444444445
14 0.117578125 0.7416666666666667 0.10234375 0.25
13 0.296484375 0.6854166666666667 0.11640625 0.2263888888888889
13 0.50859375 0.45902777777777776 0.0625 0.23194444444444445
13 0.2015625 0.38680555555555557 0.1 0.2125
12 0.802734375 0.32708333333333334 0.06640625 0.17083333333333334
12 0.4015625 0.9 0.084375 0.19722222222222222
15 0.671484375 0.9145833333333333 0.06953125 0.043055555555555555
4 0.6788828125 0.6880555555555555 0.0151796875 0.021472222222222222
5 0.6086875 0.4945833333333334 0.012882812499999998 0.020333333333333335
3 0.8658203125 0.28941666666666666 0.01165625 0.018236111111111113
1 0.882796875 0.3162361111111111 0.010843750000000001 0.017625
9 0.05284375 0.37409722222222225 0.01125 0.016291666666666666
11 0.40091406249999995 0.36798611111111107 0.010312499999999999 0.01609722222222222
7 0.9657578125 0.451125 0.0126015625 0.022861111111111113