12 0.07578125 0.23194444444444445 0.0328125 0.15555555555555556
12 0.572265625 0.6868055555555556 0.04453125 0.2125
12 0.754296875 0.2375 0.03359375 0.175
13 0.8125 0.4576388888888889 0.0546875 0.16805555555555557
13 0.791796875 0.6319444444444444 0.04140625 0.21666666666666667
13 0.441015625 0.18958333333333333 0.05390625 0.15694444444444444
13 0.24609375 0.4166666666666667 0.0703125 0.16666666666666666
13 0.080859375 0.45208333333333334 0.05234375 0.21805555555555556
14 0.1828125 0.48125 0.0484375 0.1986111111111111
14 0.27265625 0.40555555555555556 0.0375 0.17777777777777778
14 0.4828125 0.2902777777777778 0.0390625 0.19166666666666668
14 0.73203125 0.5381944444444444 0.0375 0.1986111111111111
14 0.7671875 0.41875 0.0484375 0.19305555555555556
1 0.6624296875 0.2511111111111111 0.0088359375 0.01275
3 0.6495078125 0.2293472222222222 0.0086015625 0.015583333333333334
11 0.25472656250000003 0.301125 0.0091171875 0.013847222222222223
4 0.494921875 0.5715277777777777 0.01640625 0.03194444444444444
5 0.43553125000000004 0.40679166666666666 0.00965625 0.013833333333333335
7 0.729109375 0.36412500000000003 0.0091015625 0.014624999999999999
15 0.865625 0.8833333333333333 0.0484375 0.05
0 0.9315390625 0.6972499999999999 0.010296875 0.016138888888888887