13 0.1953125 0.6972222222222222 0.059375 0.225
13 0.428125 0.24444444444444444 0.0375 0.18888888888888888
13 0.65625 0.3611111111111111 0.053125 0.19722222222222222
13 0.5359375 0.3888888888888889 0.046875 0.22777777777777777
13 0.9171875 0.4638888888888889 0.0578125 0.22777777777777777
14 0.4296875 0.2833333333333333 0.0546875 0.18333333333333332
14 0.325 0.575 0.0390625 0.21666666666666667
14 0.55625 0.42777777777777776 0.0625 0.225
14 0.6 0.35555555555555557 0.0359375 0.21944444444444444
14 0.78125 0.4722222222222222 0.05 0.21944444444444444
12 0.896875 0.7944444444444444 0.0796875 0.23055555555555557
12 0.55 0.19722222222222222 0.0375 0.17222222222222222
10 0.6875 0.2972222222222222 0.0171875 0.025
2 0.2546875 0.25 0.0140625 0.027777777777777776
0 0.2375 0.275 0.0140625 0.022222222222222223
4 0.478125 0.4388888888888889 0.021875 0.03611111111111111
5 0.40625 0.6222222222222222 0.021875 0.03333333333333333
6 0.15625 0.4027777777777778 0.0234375 0.030555555555555555
7 0.0390625 0.5722222222222222 0.015625 0.030555555555555555
15 0.6703125 0.9083333333333333 0.0703125 0.05