14 0.8765625 0.4847222222222222 0.0625 0.18333333333333332
14 0.749609375 0.4548611111111111 0.06015625 0.1597222222222222
14 0.6859375 0.3236111111111111 0.0390625 0.1527777777777778
14 0.402734375 0.2743055555555556 0.02421875 0.1625
14 0.191796875 0.6979166666666666 0.05078125 0.1986111111111111
13 0.3765625 0.5986111111111111 0.0421875 0.20833333333333334
13 0.383203125 0.3472222222222222 0.02578125 0.18611111111111112
13 0.5890625 0.3548611111111111 0.04375 0.1597222222222222
13 0.66015625 0.47430555555555554 0.053125 0.16527777777777777
13 0.76953125 0.5083333333333333 0.0484375 0.16666666666666666
12 0.935546875 0.3326388888888889 0.03515625 0.15138888888888888
12 0.294921875 0.31666666666666665 0.03984375 0.14166666666666666
12 0.4 0.7743055555555556 0.0484375 0.1875
4 0.570265625 0.4951527777777778 0.011515625 0.01975
5 0.502890625 0.6511527777777778 0.0120546875 0.01886111111111111
6 0.2928046875 0.44852777777777775 0.011734375 0.018972222222222224
7 0.19303125000000002 0.596125 0.0108046875 0.01970833333333333
0 0.36364843750000003 0.34276388888888887 0.0082265625 0.014652777777777778
1 0.08071874999999999 0.7582916666666667 0.0094375 0.017583333333333333
10 0.7495859375 0.39955555555555555 0.0082578125 0.01336111111111111
15 0.6703125 0.9090277777777778 0.071875 0.05138888888888889
11 0.6026640624999999 0.8658472222222222 0.01071875 0.016875