14 0.88515625 0.3736111111111111 0.034375 0.18888888888888888
14 0.77421875 0.5020833333333333 0.040625 0.12638888888888888
14 0.7484375 0.5104166666666666 0.0671875 0.1763888888888889
14 0.546484375 0.28888888888888886 0.04140625 0.14722222222222223
14 0.244921875 0.6979166666666666 0.06328125 0.22361111111111112
13 0.539453125 0.3840277777777778 0.04140625 0.14583333333333334
13 0.412890625 0.5930555555555556 0.04140625 0.20277777777777778
13 0.6734375 0.47638888888888886 0.0390625 0.175
13 0.75546875 0.43680555555555556 0.0671875 0.11805555555555555
13 0.79609375 0.50625 0.0546875 0.14583333333333334
12 0.169140625 0.5618055555555556 0.03515625 0.17083333333333334
12 0.778515625 0.8131944444444444 0.05234375 0.21805555555555556
12 0.701953125 0.29444444444444445 0.03515625 0.1388888888888889
4 0.6179140624999999 0.4986111111111111 0.0096875 0.01609722222222222
5 0.55215625 0.6485972222222223 0.009078125 0.014652777777777778
6 0.3501015625 0.4494722222222222 0.0087421875 0.015041666666666667
7 0.254296875 0.5892638888888888 0.009648437499999999 0.016847222222222222
2 0.4312421875 0.327 0.0083984375 0.013930555555555555
0 0.41810937499999995 0.34829166666666667 0.0089375 0.015791666666666666
1 0.1467421875 0.743375 0.009 0.013625
10 0.79459375 0.40622222222222226 0.00615625 0.00926388888888889
15 0.673046875 0.9097222222222222 0.06171875 0.044444444444444446
11 0.648421875 0.8592777777777777 0.007539062500000001 0.012680555555555556