13 0.844921875 0.41180555555555554 0.03984375 0.22083333333333333
13 0.194921875 0.39861111111111114 0.04140625 0.19722222222222222
13 0.345703125 0.23541666666666666 0.03515625 0.15138888888888888
13 0.49765625 0.7263888888888889 0.0671875 0.25833333333333336
13 0.0921875 0.7083333333333334 0.0546875 0.25555555555555554
14 0.283984375 0.5472222222222223 0.04296875 0.23055555555555557
14 0.334765625 0.38263888888888886 0.03984375 0.1875
14 0.4640625 0.37569444444444444 0.05 0.17916666666666667
14 0.705078125 0.4534722222222222 0.06015625 0.20694444444444443
14 0.46171875 0.6083333333333333 0.046875 0.21388888888888888
12 0.29375 0.7916666666666666 0.05 0.17222222222222222
12 0.19857031249999998 0.2850138888888889 0.0374375 0.11863888888888889
2 0.2917734375 0.2987916666666667 0.0066640625 0.012152777777777778
0 0.27603125 0.32506944444444447 0.0082578125 0.011555555555555557
4 0.515796875 0.4980555555555556 0.007828125 0.0155
15 0.6726093750000001 0.9085694444444444 0.06592187499999999 0.043402777777777776
11 0.5404453124999999 0.9808333333333334 0.0235 0.021722222222222223
5 0.440046875 0.678125 0.00775 0.018277777777777778