13 0.8765625 0.48333333333333334 0.0625 0.18333333333333332
13 0.75 0.45555555555555555 0.059375 0.15833333333333333
13 0.6859375 0.32222222222222224 0.0390625 0.1527777777777778
13 0.403125 0.275 0.0234375 0.16111111111111112
13 0.1921875 0.6972222222222222 0.05 0.19722222222222222
14 0.3765625 0.6 0.0421875 0.20833333333333334
14 0.3828125 0.3472222222222222 0.025 0.18611111111111112
14 0.5890625 0.35555555555555557 0.04375 0.15833333333333333
14 0.659375 0.475 0.053125 0.1638888888888889
14 0.76875 0.5083333333333333 0.0484375 0.16666666666666666
12 0.9359375 0.3333333333333333 0.034375 0.15
12 0.2953125 0.31666666666666665 0.0390625 0.14166666666666666
12 0.4 0.775 0.0484375 0.18611111111111112
4 0.5703125 0.5 0.01875 0.03888888888888889
5 0.5015625 0.6527777777777778 0.015625 0.041666666666666664
6 0.2921875 0.45 0.01875 0.027777777777777776
7 0.1921875 0.5972222222222222 0.0125 0.027777777777777776
0 0.3640625 0.3416666666666667 0.021875 0.022222222222222223
1 0.0796875 0.7583333333333333 0.015625 0.025
10 0.75625 0.375 0.0171875 0.025
15 0.6703125 0.9083333333333333 0.071875 0.05