14 0.480859375 0.2465277777777778 0.04765625 0.20416666666666666
14 0.133984375 0.5104166666666666 0.07734375 0.2708333333333333
14 0.53828125 0.8340277777777778 0.0671875 0.30972222222222223
14 0.641796875 0.49930555555555556 0.05546875 0.24305555555555555
14 0.712890625 0.36319444444444443 0.03203125 0.21805555555555556
13 0.530125 0.3729166666666667 0.05234375 0.2263888888888889
13 0.21953125 0.525 0.1 0.26944444444444443
13 0.451171875 0.6263888888888889 0.04765625 0.2611111111111111
13 0.68125 0.45625 0.0484375 0.2791666666666667
13 0.755078125 0.5368055555555555 0.05078125 0.26805555555555555
12 0.285546875 0.8930555555555556 0.06484375 0.20833333333333334
12 0.328515625 0.25416666666666665 0.04140625 0.20833333333333334
15 0.670703125 0.9090277777777778 0.06484375 0.04027777777777778
5 0.4122265625 0.5414583333333334 0.0124375 0.02113888888888889
7 0.7903515624999999 0.46676388888888887 0.0099765625 0.017333333333333333
1 0.6916328125 0.3272638888888889 0.011640625 0.016555555555555556
3 0.6723828125 0.299 0.0099765625 0.019125
11 0.1598125 0.4164444444444444 0.01228125 0.01877777777777778
6 0.9307968750000001 0.663986111111111 0.013203125 0.02013888888888889