13 0.48125 0.24722222222222223 0.046875 0.20277777777777778
13 0.134375 0.5111111111111111 0.0765625 0.26944444444444443
13 0.5375 0.8333333333333334 0.0671875 0.30833333333333335
13 0.6421875 0.5 0.0546875 0.24166666666666667
13 0.7125 0.3638888888888889 0.03125 0.21666666666666667
14 0.53125 0.37222222222222223 0.0515625 0.225
14 0.21875 0.525 0.1 0.26944444444444443
14 0.4515625 0.6277777777777778 0.046875 0.2611111111111111
14 0.68125 0.45555555555555555 0.0484375 0.2777777777777778
14 0.7546875 0.5361111111111111 0.05 0.26666666666666666
12 0.2859375 0.8944444444444445 0.0640625 0.20833333333333334
12 0.328125 0.25555555555555554 0.040625 0.20833333333333334
15 0.6703125 0.9083333333333333 0.0640625 0.03888888888888889
5 0.4125 0.5388888888888889 0.0203125 0.03888888888888889
6 0.9296875 0.6611111111111111 0.01875 0.03611111111111111
7 0.790625 0.4666666666666667 0.0171875 0.027777777777777776
1 0.6921875 0.325 0.0171875 0.030555555555555555
3 0.6734375 0.2972222222222222 0.0171875 0.03333333333333333
11 0.1515625 0.3861111111111111 0.0203125 0.030555555555555555