13 0.8453125 0.4111111111111111 0.0390625 0.21944444444444444
13 0.1953125 0.4 0.040625 0.19722222222222222
13 0.3453125 0.2361111111111111 0.034375 0.15
13 0.496875 0.7277777777777777 0.0671875 0.25833333333333336
13 0.0921875 0.7083333333333334 0.0546875 0.25555555555555554
14 0.284375 0.5472222222222223 0.0421875 0.23055555555555557
14 0.334375 0.38333333333333336 0.0390625 0.18611111111111112
14 0.4640625 0.375 0.05 0.17777777777777778
14 0.7046875 0.4527777777777778 0.059375 0.20555555555555555
14 0.4625 0.6083333333333333 0.046875 0.21388888888888888
12 0.29375 0.7916666666666666 0.05 0.17222222222222222
12 0.1984375 0.2861111111111111 0.0359375 0.11666666666666667
2 0.290625 0.2972222222222222 0.01875 0.027777777777777776
0 0.2765625 0.3277777777777778 0.0125 0.025
4 0.5140625 0.49722222222222223 0.021875 0.03611111111111111
15 0.671875 0.9083333333333333 0.065625 0.041666666666666664
5 0.4390625 0.6805555555555556 0.0140625 0.025
11 0.540625 0.9805555555555555 0.0234375 0.019444444444444445