12 0.95625 0.3 0.0390625 0.175
12 0.4578125 0.7888888888888889 0.0515625 0.18055555555555555
13 0.409375 0.34444444444444444 0.0296875 0.19166666666666668
13 0.29375 0.7138888888888889 0.065625 0.23055555555555557
13 0.471875 0.5333333333333333 0.040625 0.2
13 0.6203125 0.36944444444444446 0.059375 0.1638888888888889
13 0.5953125 0.25555555555555554 0.034375 0.125
14 0.4390625 0.3611111111111111 0.0359375 0.18611111111111112
14 0.3015625 0.55 0.059375 0.18611111111111112
14 0.4640625 0.5166666666666667 0.0484375 0.18611111111111112
14 0.5859375 0.3972222222222222 0.0578125 0.15555555555555556
14 0.5875 0.2916666666666667 0.0359375 0.13055555555555556
4 0.7015625 0.5055555555555555 0.0140625 0.022222222222222223
5 0.625 0.6833333333333333 0.01875 0.030555555555555555
6 0.390625 0.44722222222222224 0.0171875 0.027777777777777776
7 0.278125 0.6 0.01875 0.027777777777777776
0 0.471875 0.325 0.0109375 0.016666666666666666
1 0.1546875 0.7833333333333333 0.021875 0.03333333333333333
2 0.4875 0.2972222222222222 0.015625 0.025
10 0.9234375 0.37222222222222223 0.0109375 0.016666666666666666
15 0.671875 0.9083333333333333 0.0640625 0.05277777777777778