12 0.955859375 0.2986111111111111 0.03984375 0.175
12 0.4578125 0.7895833333333333 0.0515625 0.18194444444444444
14 0.41015625 0.34375 0.0296875 0.19305555555555556
14 0.29453125 0.7131944444444445 0.065625 0.23194444444444445
14 0.472265625 0.5319444444444444 0.04140625 0.2
14 0.620703125 0.3701388888888889 0.06015625 0.16527777777777777
14 0.595703125 0.25416666666666665 0.03515625 0.125
13 0.4390625 0.3597222222222222 0.0359375 0.18611111111111112
13 0.3015625 0.5513888888888889 0.059375 0.18611111111111112
13 0.4640625 0.5159722222222223 0.0484375 0.1875
13 0.586328125 0.39791666666666664 0.05859375 0.15694444444444444
13 0.587890625 0.2916666666666667 0.03671875 0.13055555555555556
4 0.7030234375 0.5047361111111112 0.0098359375 0.015722222222222224
5 0.625578125 0.6783888888888889 0.009453125 0.016319444444444445
6 0.3901953125 0.44233333333333336 0.008890625000000001 0.015180555555555555
7 0.27884375 0.6031111111111112 0.0100234375 0.015680555555555555
0 0.47037500000000004 0.3246805555555556 0.007789062500000001 0.013222222222222222
1 0.15375 0.7813888888888889 0.0131015625 0.02386111111111111
2 0.486203125 0.30180555555555555 0.0077578125 0.012791666666666668
15 0.672265625 0.9076388888888889 0.06484375 0.05416666666666667
10 0.9144687499999999 0.4004166666666667 0.008671874999999999 0.013208333333333332