13 0.884375 0.37222222222222223 0.034375 0.18888888888888888
13 0.775 0.5027777777777778 0.040625 0.125
13 0.7484375 0.5111111111111111 0.0671875 0.175
13 0.546875 0.28888888888888886 0.040625 0.14722222222222223
13 0.2453125 0.6972222222222222 0.0625 0.2222222222222222
14 0.5390625 0.38333333333333336 0.040625 0.14444444444444443
14 0.4125 0.5944444444444444 0.040625 0.20277777777777778
14 0.6734375 0.4777777777777778 0.0390625 0.175
14 0.75625 0.4361111111111111 0.0671875 0.11666666666666667
14 0.796875 0.5055555555555555 0.0546875 0.14444444444444443
12 0.16875 0.5611111111111111 0.034375 0.16944444444444445
12 0.778125 0.8138888888888889 0.0515625 0.21666666666666667
12 0.7015625 0.29444444444444445 0.034375 0.1388888888888889
4 0.6171875 0.5 0.015625 0.022222222222222223
5 0.55 0.6472222222222223 0.015625 0.03333333333333333
6 0.3515625 0.45 0.0171875 0.022222222222222223
7 0.2546875 0.5888888888888889 0.0109375 0.019444444444444445
2 0.43125 0.3277777777777778 0.0171875 0.019444444444444445
0 0.41875 0.3472222222222222 0.0078125 0.022222222222222223
1 0.146875 0.7444444444444445 0.015625 0.019444444444444445
10 0.803125 0.38333333333333336 0.0171875 0.027777777777777776
15 0.6734375 0.9111111111111111 0.0609375 0.044444444444444446