14 0.337890625 0.5368055555555555 0.06171875 0.25972222222222224
14 0.438671875 0.20069444444444445 0.03046875 0.16527777777777777
14 0.69921875 0.44722222222222224 0.0375 0.17777777777777778
14 0.795703125 0.5520833333333334 0.06015625 0.20416666666666666
14 0.7328125 0.5895833333333333 0.0375 0.23194444444444445
13 0.46640625 0.3104166666666667 0.053125 0.19027777777777777
13 0.42265625 0.5256944444444445 0.0765625 0.18472222222222223
13 0.566015625 0.39652777777777776 0.04921875 0.24583333333333332
13 0.7375 0.46875 0.059375 0.12638888888888888
13 0.69921875 0.5986111111111111 0.0390625 0.23333333333333334
12 0.889453125 0.5604166666666667 0.03515625 0.2513888888888889
12 0.357421875 0.7736111111111111 0.04453125 0.225
12 0.246484375 0.21180555555555555 0.04140625 0.16805555555555557
15 0.672265625 0.9083333333333333 0.06171875 0.03888888888888889
0 0.8739765625 0.7254166666666666 0.0129765625 0.022833333333333334
3 0.52971875 0.2449861111111111 0.009859375 0.01851388888888889
4 0.3907421875 0.6298611111111111 0.0126015625 0.02448611111111111
5 0.30886718750000003 0.45555555555555555 0.01240625 0.018097222222222223
7 0.6284140625 0.3862638888888889 0.0117265625 0.018180555555555554
11 0.09000781249999999 0.35244444444444445 0.0113671875 0.01916666666666667
1 0.545703125 0.26941666666666664 0.0111171875 0.017222222222222222