12 0.10625 0.22777777777777777 0.0375 0.20833333333333334
12 0.746875 0.23055555555555557 0.0375 0.17777777777777778
12 0.575 0.7361111111111112 0.0625 0.23333333333333334
13 0.28125 0.3333333333333333 0.05625 0.19166666666666668
13 0.1828125 0.6333333333333333 0.0484375 0.24444444444444444
13 0.45 0.2611111111111111 0.0375 0.19722222222222222
13 0.859375 0.5166666666666667 0.046875 0.25
13 0.8203125 0.6611111111111111 0.0453125 0.2111111111111111
14 0.3390625 0.4583333333333333 0.0671875 0.175
14 0.3640625 0.3111111111111111 0.078125 0.16666666666666666
14 0.4640625 0.3333333333333333 0.0484375 0.18333333333333332
14 0.7234375 0.4444444444444444 0.05 0.22777777777777777
14 0.5890625 0.5333333333333333 0.053125 0.2
0 0.953125 0.7055555555555556 0.0203125 0.03888888888888889
1 0.6328125 0.25277777777777777 0.0140625 0.030555555555555555
3 0.6140625 0.22777777777777777 0.01875 0.025
4 0.4796875 0.6055555555555555 0.01875 0.030555555555555555
5 0.4015625 0.42777777777777776 0.025 0.030555555555555555
6 0.825 0.5277777777777778 0.021875 0.03333333333333333
11 0.1859375 0.30277777777777776 0.01875 0.027777777777777776
15 0.671875 0.9055555555555556 0.08125 0.04722222222222222