13 0.551953125 0.26180555555555557 0.04453125 0.19583333333333333
13 0.19609375 0.6798611111111111 0.05625 0.2263888888888889
13 0.5171875 0.4618055555555556 0.06875 0.21805555555555556
13 0.79140625 0.36736111111111114 0.04375 0.17083333333333334
13 0.796484375 0.30486111111111114 0.04140625 0.1763888888888889
14 0.7046875 0.32708333333333334 0.046875 0.18472222222222223
14 0.6546875 0.3611111111111111 0.0578125 0.19722222222222222
14 0.507421875 0.2972222222222222 0.06328125 0.16111111111111112
14 0.45546875 0.45694444444444443 0.0484375 0.21388888888888888
14 0.326953125 0.5263888888888889 0.04765625 0.19166666666666668
12 0.931640625 0.22569444444444445 0.04765625 0.19583333333333333
12 0.45625 0.7645833333333333 0.0546875 0.24305555555555555
12 0.290234375 0.24583333333333332 0.03359375 0.15
4 0.57678125 0.4387777777777778 0.01003125 0.016083333333333335
5 0.51475 0.6148888888888889 0.0099609375 0.01627777777777778
6 0.2616796875 0.39888888888888885 0.008453125 0.01588888888888889
7 0.1608515625 0.5669305555555556 0.008749999999999999 0.013861111111111112
0 0.3331015625 0.2778888888888889 0.007992187500000001 0.01225
1 0.043453124999999995 0.7585 0.010171875 0.01686111111111111
2 0.34690625 0.25419444444444445 0.0086015625 0.015111111111111112
8 0.01196875 0.8094861111111111 0.0120078125 0.019458333333333334
15 0.67109375 0.9 0.084375 0.06111111111111111
11 0.6427578125 0.8493888888888889 0.0095 0.01633333333333333
10 0.7686484375 0.3244166666666667 0.0092265625 0.016833333333333332