12 0.10625 0.22847222222222222 0.0375 0.20972222222222223
12 0.746875 0.23055555555555557 0.0375 0.17777777777777778
12 0.575 0.7368055555555556 0.0625 0.23472222222222222
13 0.28125 0.3333333333333333 0.05625 0.19166666666666668
13 0.183203125 0.6340277777777777 0.04921875 0.24583333333333332
13 0.450390625 0.2625 0.03828125 0.19722222222222222
13 0.859765625 0.5152777777777777 0.04765625 0.25
13 0.819921875 0.6611111111111111 0.04609375 0.2111111111111111
14 0.339453125 0.4583333333333333 0.06796875 0.175
14 0.364453125 0.30972222222222223 0.07890625 0.16666666666666666
14 0.4640625 0.3326388888888889 0.0484375 0.18472222222222223
14 0.723046875 0.44305555555555554 0.05078125 0.22777777777777777
14 0.5890625 0.5347222222222222 0.053125 0.2
0 0.9563203124999999 0.7075416666666666 0.0112734375 0.017777777777777778
1 0.6325703125000001 0.2545 0.008515625 0.015333333333333332
3 0.6164140625 0.2310972222222222 0.011390625 0.021569444444444443
4 0.4796875 0.601375 0.010312499999999999 0.018555555555555554
5 0.40201562500000004 0.43072222222222223 0.0120390625 0.019305555555555555
6 0.8257265625000001 0.528 0.0122265625 0.02047222222222222
11 0.194828125 0.326625 0.00940625 0.013305555555555555
15 0.672265625 0.9069444444444444 0.08203125 0.04722222222222222
10 0.369734375 0.8437222222222223 0.0088359375 0.014638888888888887