13 0.3375 0.5361111111111111 0.0609375 0.25833333333333336
13 0.4390625 0.2 0.0296875 0.1638888888888889
13 0.7 0.44722222222222224 0.0375 0.17777777777777778
13 0.7953125 0.5527777777777778 0.059375 0.20277777777777778
13 0.7328125 0.5888888888888889 0.0375 0.23055555555555557
14 0.465625 0.3111111111111111 0.053125 0.18888888888888888
14 0.421875 0.525 0.0765625 0.18333333333333332
14 0.565625 0.3972222222222222 0.0484375 0.24444444444444444
14 0.7375 0.46944444444444444 0.059375 0.125
14 0.7 0.6 0.0390625 0.23333333333333334
12 0.8890625 0.5611111111111111 0.034375 0.25
12 0.3578125 0.7722222222222223 0.04375 0.225
12 0.246875 0.2111111111111111 0.040625 0.16666666666666666
15 0.671875 0.9083333333333333 0.0609375 0.03888888888888889
0 0.871875 0.7222222222222222 0.015625 0.025
1 0.5453125 0.26944444444444443 0.015625 0.019444444444444445
3 0.528125 0.24444444444444444 0.0171875 0.03333333333333333
4 0.39375 0.6305555555555555 0.0234375 0.03611111111111111
5 0.3109375 0.45555555555555555 0.0171875 0.030555555555555555
7 0.628125 0.3861111111111111 0.015625 0.022222222222222223
11 0.0796875 0.3277777777777778 0.01875 0.027777777777777776