13 0.5515625 0.2611111111111111 0.04375 0.19444444444444445
13 0.196875 0.6805555555555556 0.05625 0.225
13 0.5171875 0.46111111111111114 0.06875 0.21666666666666667
13 0.790625 0.36666666666666664 0.04375 0.16944444444444445
13 0.796875 0.3055555555555556 0.040625 0.175
14 0.7046875 0.3277777777777778 0.046875 0.18333333333333332
14 0.6546875 0.3611111111111111 0.0578125 0.19722222222222222
14 0.5078125 0.2972222222222222 0.0625 0.16111111111111112
14 0.45625 0.45555555555555555 0.0484375 0.21388888888888888
14 0.3265625 0.5277777777777778 0.046875 0.19166666666666668
12 0.93125 0.225 0.046875 0.19444444444444445
12 0.45625 0.7638888888888888 0.0546875 0.24166666666666667
12 0.290625 0.24444444444444444 0.0328125 0.15
4 0.575 0.4388888888888889 0.0171875 0.027777777777777776
5 0.5125 0.6166666666666667 0.01875 0.03611111111111111
6 0.2625 0.3972222222222222 0.0140625 0.030555555555555555
7 0.1609375 0.5666666666666667 0.0140625 0.025
0 0.334375 0.2777777777777778 0.0125 0.022222222222222223
1 0.0453125 0.7583333333333333 0.021875 0.03333333333333333
2 0.35 0.25 0.0171875 0.030555555555555555
3 0.0125 0.8111111111111111 0.0203125 0.030555555555555555
10 0.7765625 0.3 0.0140625 0.027777777777777776
15 0.671875 0.9 0.084375 0.06111111111111111