13 0.62578125 0.3625 0.053125 0.20277777777777778
13 0.22734375 0.21736111111111112 0.046875 0.2013888888888889
13 0.90234375 0.5611111111111111 0.084375 0.08888888888888889
13 0.55625 0.6409722222222223 0.08125 0.13194444444444445
13 0.012890625 0.6125 0.02578125 0.25277777777777777
14 0.4732265625 0.3385416666666667 0.06917187500000001 0.20254166666666668
14 0.5660000000000001 0.4513888888888889 0.05615625 0.16781944444444444
14 0.4858359375 0.5548333333333334 0.069984375 0.20977777777777776
14 0.597328125 0.6155972222222222 0.06021875 0.125875
14 0.8634453125 0.41811111111111116 0.069984375 0.16204166666666667
12 0.9501171875000001 0.5917222222222223 0.046390625000000005 0.2372638888888889
12 0.24821093749999998 0.7971666666666667 0.069984375 0.2488472222222222
12 0.27465625 0.16420833333333335 0.0349921875 0.18084722222222224
4 0.40809375000000003 0.5967222222222222 0.010125 0.017263888888888888
5 0.3371328125 0.40969444444444447 0.0081328125 0.013930555555555555
6 0.7786171875 0.5310555555555556 0.0106953125 0.017944444444444443
7 0.670703125 0.3552222222222222 0.0086328125 0.014569444444444444
0 0.90203125 0.7254722222222223 0.013664062499999999 0.022819444444444444
1 0.593828125 0.22926388888888888 0.0085234375 0.012944444444444444
3 0.5790859375 0.20451388888888888 0.008984375 0.015541666666666665
11 0.12510156249999999 0.2925833333333333 0.007539062500000001 0.011180555555555556
10 0.2749296875 0.8527083333333334 0.0094140625 0.015472222222222222
15 0.8658828125 0.8832500000000001 0.0537109375 0.041958333333333334