13 0.653125 0.8222222222222222 0.1 0.25833333333333336
13 0.190625 0.5638888888888889 0.10625 0.225
13 0.3265625 0.44722222222222224 0.08125 0.1388888888888889
13 0.15625 0.31666666666666665 0.046875 0.21666666666666667
13 0.465625 0.25833333333333336 0.053125 0.1638888888888889
14 0.2640625 0.38333333333333336 0.05 0.20277777777777778
14 0.321875 0.48055555555555557 0.0640625 0.19722222222222222
14 0.50625 0.35833333333333334 0.0609375 0.18611111111111112
14 0.475 0.5027777777777778 0.0734375 0.24722222222222223
14 0.6265625 0.625 0.0484375 0.19166666666666668
12 0.471875 0.875 0.0546875 0.25
12 0.696875 0.3055555555555556 0.040625 0.18611111111111112
4 0.3953125 0.7277777777777777 0.0234375 0.03333333333333333
5 0.31875 0.5194444444444445 0.0140625 0.03333333333333333
6 0.7890625 0.6527777777777778 0.015625 0.027777777777777776
7 0.6765625 0.4666666666666667 0.01875 0.030555555555555555
1 0.5921875 0.3333333333333333 0.0140625 0.025
3 0.578125 0.3055555555555556 0.0203125 0.03333333333333333
11 0.0859375 0.37222222222222223 0.015625 0.025
15 0.8671875 0.8833333333333333 0.0515625 0.041666666666666664