14 0.653515625 0.8215277777777777 0.10078125 0.25972222222222224
14 0.18984375 0.5631944444444444 0.10625 0.2263888888888889
14 0.3265625 0.4465277777777778 0.08125 0.14027777777777778
14 0.156640625 0.3159722222222222 0.04765625 0.21805555555555556
14 0.465234375 0.25833333333333336 0.05390625 0.1638888888888889
13 0.2640625 0.38472222222222224 0.05 0.20277777777777778
13 0.321875 0.48055555555555557 0.0640625 0.19722222222222222
13 0.50546875 0.3590277777777778 0.0609375 0.1875
13 0.47421875 0.5020833333333333 0.0734375 0.24861111111111112
13 0.626953125 0.6256944444444444 0.04921875 0.19305555555555556
12 0.47109375 0.8743055555555556 0.0546875 0.2513888888888889
12 0.696484375 0.30694444444444446 0.04140625 0.18611111111111112
4 0.39465625000000004 0.7244027777777778 0.0107421875 0.018916666666666665
5 0.3198125 0.5244722222222222 0.011882812500000001 0.019444444444444445
6 0.790421875 0.6525416666666667 0.0123671875 0.017722222222222223
7 0.67509375 0.4659027777777778 0.010906250000000001 0.016666666666666666
1 0.5934140625000001 0.3325972222222222 0.009453125 0.014888888888888889
3 0.577171875 0.30386111111111114 0.010312499999999999 0.01651388888888889
5 0.09330468750000001 0.40194444444444444 0.009953125 0.014916666666666667
15 0.866796875 0.8826388888888889 0.05234375 0.043055555555555555
2 0.958734375 0.9201666666666667 0.012671874999999999 0.022055555555555557