13 0.625 0.3611111111111111 0.053125 0.20277777777777778
13 0.228125 0.21666666666666667 0.046875 0.2
13 0.903125 0.5611111111111111 0.084375 0.08888888888888889
13 0.55625 0.6416666666666667 0.08125 0.13055555555555556
13 0.0125 0.6111111111111112 0.025 0.25277777777777777
14 0.4734375 0.3388888888888889 0.06875 0.2
14 0.565625 0.45 0.0546875 0.16666666666666666
14 0.4859375 0.5555555555555556 0.06875 0.20833333333333334
14 0.596875 0.6166666666666667 0.059375 0.125
14 0.8640625 0.41944444444444445 0.06875 0.16111111111111112
12 0.95 0.5916666666666667 0.0453125 0.2361111111111111
12 0.2484375 0.7972222222222223 0.06875 0.24722222222222223
12 0.275 0.1638888888888889 0.034375 0.18055555555555555
4 0.4078125 0.5944444444444444 0.021875 0.03611111111111111
5 0.3375 0.4111111111111111 0.0203125 0.03611111111111111
6 0.7765625 0.5277777777777778 0.0234375 0.03611111111111111
7 0.6703125 0.35555555555555557 0.0203125 0.025
0 0.9015625 0.7194444444444444 0.021875 0.044444444444444446
1 0.59375 0.22777777777777777 0.01875 0.030555555555555555
3 0.578125 0.20277777777777778 0.0171875 0.027777777777777776
11 0.11875 0.2638888888888889 0.01875 0.030555555555555555
10 0.290625 0.9111111111111111 0.0234375 0.03611111111111111
15 0.865625 0.8833333333333333 0.053125 0.041666666666666664