13 0.16875 0.5055555555555555 0.0390625 0.17222222222222222
13 0.040625 0.7277777777777777 0.0625 0.20555555555555555
13 0.25625 0.33611111111111114 0.05 0.14166666666666666
13 0.4515625 0.475 0.04375 0.18888888888888888
13 0.81875 0.6611111111111111 0.03125 0.14722222222222223
15 0.8671875 0.8861111111111111 0.04375 0.05277777777777778
14 0.5203125 0.46944444444444444 0.0421875 0.1638888888888889
14 0.403125 0.35 0.0390625 0.13055555555555556
14 0.603125 0.44166666666666665 0.0328125 0.16111111111111112
14 0.578125 0.5666666666666667 0.034375 0.18611111111111112
12 0.53125 0.2777777777777778 0.0390625 0.13333333333333333
14 0.790625 0.6055555555555555 0.040625 0.19722222222222222
9 0.1984375 0.37777777777777777 0.015625 0.025
4 0.653125 0.6277777777777778 0.0203125 0.027777777777777776
6 0.9484375 0.5944444444444444 0.0203125 0.025
7 0.8625 0.4527777777777778 0.015625 0.025
1 0.803125 0.35 0.0171875 0.025
3 0.79375 0.3277777777777778 0.015625 0.022222222222222223
11 0.44375 0.35555555555555557 0.01875 0.022222222222222223