13 0.165625 0.5305555555555556 0.046875 0.25277777777777777
14 0.1640625 0.5833333333333334 0.06875 0.18888888888888888
13 0.2171875 0.6361111111111111 0.10625 0.20277777777777778
13 0.453125 0.38055555555555554 0.0453125 0.13333333333333333
14 0.521875 0.4305555555555556 0.0546875 0.13055555555555556
13 0.5046875 0.44722222222222224 0.0421875 0.14722222222222223
14 0.5046875 0.4888888888888889 0.0453125 0.16944444444444445
14 0.5640625 0.5777777777777777 0.0546875 0.2222222222222222
13 0.715625 0.6333333333333333 0.0546875 0.21944444444444444
4 0.40625 0.7111111111111111 0.0203125 0.03333333333333333
5 0.3453125 0.55 0.0140625 0.027777777777777776
7 0.63125 0.5 0.0171875 0.027777777777777776
1 0.565625 0.39166666666666666 0.0125 0.019444444444444445
3 0.553125 0.36944444444444446 0.01875 0.025
12 0.2828125 0.33055555555555555 0.0296875 0.17777777777777778
12 0.8296875 0.6 0.0390625 0.20833333333333334
15 0.865625 0.8861111111111111 0.0390625 0.041666666666666664