14 0.168359375 0.5069444444444444 0.03984375 0.17222222222222222
14 0.040625 0.7270833333333333 0.0625 0.20694444444444443
14 0.25703125 0.33541666666666664 0.05 0.14305555555555555
14 0.451171875 0.4756944444444444 0.04453125 0.19027777777777777
14 0.819140625 0.6611111111111111 0.03203125 0.14722222222222223
15 0.8671875 0.8854166666666666 0.04375 0.05416666666666667
13 0.5203125 0.46875 0.0421875 0.16527777777777777
13 0.403125 0.34930555555555554 0.0390625 0.13194444444444445
13 0.602734375 0.4409722222222222 0.03359375 0.1625
13 0.57890625 0.5659722222222222 0.034375 0.1875
12 0.530859375 0.27847222222222223 0.03984375 0.13472222222222222
13 0.79140625 0.60625 0.040625 0.1986111111111111
9 0.19829687499999998 0.3769583333333334 0.008484374999999999 0.012666666666666666
4 0.6513671875 0.6225555555555555 0.0059375 0.010222222222222223
6 0.9501640625000001 0.5955555555555556 0.0072343749999999995 0.011916666666666667
7 0.8644609375 0.4524583333333333 0.0063593750000000004 0.010791666666666666
1 0.8043984375000001 0.35033333333333333 0.0054921875000000005 0.0085
3 0.792921875 0.33052777777777775 0.0048203125 0.008208333333333333
11 0.448453125 0.3804722222222222 0.005375 0.008638888888888889
10 0.546359375 0.8073611111111111 0.004890625 0.008583333333333333