13 0.16484375 0.53125 0.046875 0.25416666666666665
14 0.163671875 0.5847222222222223 0.06953125 0.18888888888888888
13 0.216796875 0.6361111111111111 0.10703125 0.20277777777777778
13 0.45390625 0.38055555555555554 0.0453125 0.13333333333333333
14 0.521875 0.42986111111111114 0.0546875 0.13194444444444445
13 0.504296875 0.4479166666666667 0.04296875 0.1486111111111111
14 0.505078125 0.48819444444444443 0.04609375 0.17083333333333334
14 0.5640625 0.5777777777777777 0.0546875 0.2222222222222222
13 0.71640625 0.6347222222222222 0.0546875 0.21944444444444444
4 0.4053984375 0.7102916666666667 0.010890625 0.015180555555555555
5 0.34376562499999996 0.5505416666666666 0.010671875 0.016791666666666667
7 0.6322656249999999 0.5015277777777778 0.0091953125 0.014125
1 0.565390625 0.3908333333333333 0.008265625 0.011083333333333334
12 0.283203125 0.33125 0.03046875 0.17916666666666667
12 0.8296875 0.6 0.0390625 0.20833333333333334
15 0.866015625 0.8868055555555555 0.03984375 0.043055555555555555
10 0.28615625 0.9360138888888888 0.0089375 0.015722222222222224
3 0.551796875 0.3705555555555556 0.00825 0.013861111111111112