13 0.61875 0.37222222222222223 0.0390625 0.1388888888888889
13 0.6765625 0.4305555555555556 0.0390625 0.225
13 0.45 0.675 0.06875 0.20277777777777778
13 0.1984375 0.6333333333333333 0.0859375 0.19444444444444445
14 0.16875 0.7055555555555556 0.0875 0.2388888888888889
14 0.284375 0.5361111111111111 0.078125 0.19444444444444445
14 0.54375 0.35555555555555557 0.04375 0.1361111111111111
14 0.521875 0.4722222222222222 0.0546875 0.2361111111111111
12 0.7765625 0.37222222222222223 0.0421875 0.18611111111111112
12 0.0640625 0.3194444444444444 0.0734375 0.15555555555555556
12 0.471875 0.8194444444444444 0.065625 0.12777777777777777
15 0.675 0.9083333333333333 0.0734375 0.03611111111111111
11 0.2703125 0.36666666666666664 0.0203125 0.016666666666666666
3 0.709375 0.31666666666666665 0.0171875 0.019444444444444445
5 0.4734375 0.5111111111111111 0.01875 0.019444444444444445
4 0.5375 0.6972222222222222 0.015625 0.030555555555555555
7 0.8015625 0.4666666666666667 0.015625 0.022222222222222223
6 0.909375 0.6472222222222223 0.0171875 0.019444444444444445