13 0.7953125 0.5694444444444444 0.071875 0.18611111111111112
13 0.6875 0.6611111111111111 0.09375 0.18333333333333332
13 0.49375 0.28888888888888886 0.04375 0.16111111111111112
13 0.3734375 0.25 0.0375 0.14722222222222223
13 0.0875 0.6972222222222222 0.046875 0.21388888888888888
14 0.1875 0.6083333333333333 0.05 0.20277777777777778
14 0.371875 0.32222222222222224 0.034375 0.17222222222222222
14 0.55 0.3527777777777778 0.025 0.17222222222222222
14 0.5390625 0.6055555555555555 0.0703125 0.17222222222222222
14 0.8046875 0.65 0.0765625 0.2111111111111111
12 0.7484375 0.8166666666666667 0.059375 0.20277777777777778
12 0.08125 0.5138888888888888 0.03125 0.18888888888888888
12 0.559375 0.2722222222222222 0.03125 0.15833333333333333
15 0.671875 0.9111111111111111 0.0640625 0.044444444444444446
10 0.6828125 0.35833333333333334 0.015625 0.027777777777777776
2 0.2984375 0.3055555555555556 0.0140625 0.022222222222222223
0 0.2859375 0.3277777777777778 0.0125 0.025
4 0.4953125 0.4777777777777778 0.0125 0.025
5 0.428125 0.6388888888888888 0.0140625 0.027777777777777776
6 0.2140625 0.43333333333333335 0.015625 0.025
7 0.1109375 0.5888888888888889 0.0140625 0.027777777777777776
8 0.965625 0.3888888888888889 0.015625 0.025