13 0.7109375 0.8055555555555556 0.1265625 0.2722222222222222
13 0.5796875 0.5472222222222223 0.08125 0.2611111111111111
13 0.315625 0.475 0.053125 0.25277777777777777
13 0.0796875 0.7444444444444445 0.0546875 0.2722222222222222
15 0.8640625 0.8888888888888888 0.046875 0.044444444444444446
4 0.8375 0.5888888888888889 0.0203125 0.027777777777777776
6 0.4109375 0.49166666666666664 0.021875 0.03611111111111111
7 0.25625 0.7083333333333334 0.0203125 0.03333333333333333
0 0.521875 0.3416666666666667 0.021875 0.027777777777777776
1 0.0875 0.9444444444444444 0.0171875 0.030555555555555555
2 0.546875 0.3055555555555556 0.0171875 0.022222222222222223