14 0.711328125 0.8048611111111111 0.12734375 0.27361111111111114
14 0.580078125 0.5479166666666667 0.08203125 0.2625
14 0.31640625 0.475 0.053125 0.25277777777777777
13 0.0796875 0.7451388888888889 0.0546875 0.27361111111111114
15 0.8640625 0.8881944444444444 0.046875 0.04583333333333333
6 0.412328125 0.49643055555555554 0.013734374999999998 0.021833333333333333
7 0.25959374999999996 0.7102222222222222 0.01540625 0.02123611111111111
0 0.5219296875 0.34176388888888887 0.0110625 0.018055555555555554
1 0.08671875 0.94375 0.0171875 0.03194444444444444
2 0.5431953125 0.3110138888888889 0.01228125 0.020444444444444446
4 0.8376093750000001 0.5877916666666666 0.013625000000000002 0.020444444444444446