14 0.795703125 0.5701388888888889 0.07265625 0.1875
14 0.68671875 0.6611111111111111 0.09375 0.18333333333333332
14 0.494140625 0.2882777777777778 0.04453125 0.1625
14 0.3734375 0.25 0.0375 0.14722222222222223
14 0.087890625 0.6972222222222222 0.04765625 0.21388888888888888
13 0.18828125 0.6083333333333333 0.05 0.20277777777777778
13 0.371875 0.3229166666666667 0.034375 0.1736111111111111
13 0.55 0.35347222222222224 0.025 0.1736111111111111
13 0.5390625 0.60625 0.0703125 0.1736111111111111
13 0.805078125 0.6506944444444445 0.07734375 0.2125
12 0.748828125 0.8173611111111111 0.06015625 0.20416666666666666
12 0.08203125 0.5131944444444444 0.03125 0.19027777777777777
12 0.559375 0.2708333333333333 0.03125 0.15833333333333333
15 0.672265625 0.9104166666666667 0.06484375 0.04583333333333333
10 0.6739531249999999 0.37922222222222224 0.00878125 0.014597222222222222
0 0.28453125 0.3285972222222222 0.0088359375 0.014083333333333335
4 0.494921875 0.47909722222222223 0.009046875 0.015583333333333334
5 0.42857812500000003 0.638 0.0097578125 0.01675
6 0.2125078125 0.4381666666666667 0.0094140625 0.015097222222222222
7 0.11043750000000001 0.5895694444444445 0.0108203125 0.017611111111111112
8 0.96484375 0.3902777777777778 0.015625 0.025
11 0.5306796874999999 0.8495 0.007773437499999999 0.012486111111111111
2 0.2982578125 0.3078194444444444 0.0089140625 0.012430555555555554