13 0.803125 0.7444444444444445 0.0734375 0.175
13 0.5265625 0.7111111111111111 0.08125 0.2361111111111111
13 0.534375 0.5777777777777777 0.0375 0.18055555555555555
13 0.54375 0.37222222222222223 0.04375 0.19444444444444445
13 0.4 0.2916666666666667 0.05 0.14444444444444443
14 0.459375 0.3277777777777778 0.046875 0.18055555555555555
14 0.5828125 0.40555555555555556 0.046875 0.17777777777777778
14 0.671875 0.6277777777777778 0.0625 0.20555555555555555
14 0.5734375 0.5722222222222222 0.0609375 0.17222222222222222
14 0.49375 0.5638888888888889 0.04375 0.2222222222222222
12 0.3109375 0.8777777777777778 0.0609375 0.225
12 0.325 0.29444444444444445 0.0375 0.1638888888888889
12 0.909375 0.55 0.0375 0.21944444444444444
4 0.4578125 0.6861111111111111 0.0171875 0.030555555555555555
5 0.3796875 0.5166666666666667 0.0171875 0.027777777777777776
6 0.796875 0.6138888888888889 0.0171875 0.025
7 0.684375 0.4583333333333333 0.0171875 0.027777777777777776
1 0.6078125 0.34444444444444444 0.015625 0.027777777777777776
0 0.9234375 0.7944444444444444 0.0203125 0.030555555555555555
3 0.5921875 0.31666666666666665 0.015625 0.022222222222222223
11 0.1671875 0.3888888888888889 0.015625 0.019444444444444445