14 0.24375 0.70625 0.078125 0.21805555555555556
14 0.327734375 0.5444444444444444 0.06796875 0.21666666666666667
14 0.33671875 0.3145833333333333 0.0421875 0.16527777777777777
14 0.637109375 0.26458333333333334 0.03515625 0.1486111111111111
14 0.47890625 0.4576388888888889 0.0546875 0.15416666666666667
13 0.44375 0.3951388888888889 0.046875 0.14027777777777778
13 0.44609375 0.5215277777777778 0.059375 0.16805555555555557
13 0.51953125 0.6194444444444445 0.040625 0.21944444444444444
13 0.58671875 0.4847222222222222 0.05625 0.19722222222222222
13 0.647265625 0.3909722222222222 0.04453125 0.15138888888888888
12 0.08203125 0.7798611111111111 0.075 0.20416666666666666
12 0.476953125 0.28194444444444444 0.03046875 0.14722222222222223
15 0.8640625 0.8833333333333333 0.0421875 0.03888888888888889
4 0.5697890625 0.6551944444444444 0.0089609375 0.013347222222222222
5 0.5129921875 0.4881666666666667 0.008671874999999999 0.01375
6 0.901640625 0.6138888888888889 0.009453125 0.01604166666666667
6 0.8075390625000001 0.45529166666666665 0.0091015625 0.015930555555555555
1 0.7415 0.34131944444444445 0.007601562500000001 0.012472222222222223
3 0.728515625 0.31840277777777776 0.0070234375 0.013166666666666667
11 0.3365625 0.3810416666666667 0.00690625 0.009291666666666667
9 0.03671875 0.38125 0.0140625 0.02638888888888889
10 0.4488359375 0.867875 0.0076953125 0.012777777777777777