13 0.803125 0.7430555555555556 0.0734375 0.175
13 0.526171875 0.7118055555555556 0.08203125 0.2375
13 0.53359375 0.5777777777777777 0.0375 0.18055555555555555
13 0.543359375 0.3729166666666667 0.04453125 0.19583333333333333
13 0.399609375 0.2916666666666667 0.05078125 0.14444444444444443
14 0.458984375 0.32916666666666666 0.04765625 0.18055555555555555
14 0.583203125 0.40555555555555556 0.04765625 0.17777777777777778
14 0.671484375 0.6263888888888889 0.06328125 0.20555555555555555
14 0.573828125 0.5729166666666666 0.06171875 0.1736111111111111
14 0.49453125 0.5645833333333333 0.04375 0.22361111111111112
12 0.3109375 0.8770833333333333 0.0609375 0.2263888888888889
12 0.324609375 0.29305555555555557 0.03828125 0.1638888888888889
12 0.91015625 0.5513888888888889 0.0375 0.21944444444444444
4 0.4561171875 0.6844444444444444 0.00853125 0.015833333333333335
5 0.379578125 0.5153055555555556 0.009875 0.017791666666666667
6 0.7971874999999999 0.6155833333333334 0.0109765625 0.019694444444444445
1 0.6068749999999999 0.3437777777777778 0.009601562499999999 0.01640277777777778
0 0.9266406249999999 0.7962638888888888 0.01278125 0.021569444444444443
3 0.591046875 0.32040277777777776 0.00925 0.01486111111111111
11 0.1763828125 0.4145 0.010609375 0.01498611111111111
10 0.34728906249999997 0.9270277777777778 0.00990625 0.014638888888888887
7 0.6857656249999999 0.45772222222222225 0.009875 0.01591666666666667