13 0.618359375 0.3715277777777778 0.03984375 0.14027777777777778
13 0.676953125 0.4305555555555556 0.03984375 0.225
13 0.45078125 0.6756944444444445 0.06875 0.20416666666666666
13 0.198046875 0.6319444444444444 0.08671875 0.19444444444444445
14 0.16953125 0.70625 0.0875 0.24027777777777778
14 0.284375 0.5368055555555555 0.078125 0.19583333333333333
14 0.54453125 0.35555555555555557 0.04375 0.1361111111111111
14 0.52265625 0.4708333333333333 0.0546875 0.2361111111111111
12 0.7765625 0.37222222222222223 0.0421875 0.18611111111111112
12 0.0640625 0.31875 0.0734375 0.15694444444444444
12 0.471875 0.81875 0.065625 0.12916666666666668
15 0.67421875 0.9076388888888889 0.0734375 0.0375
3 0.7110234375 0.3147638888888889 0.007914062500000001 0.012236111111111113
5 0.47377343749999995 0.51075 0.00996875 0.01634722222222222
4 0.5385703125 0.6967916666666667 0.0109921875 0.019069444444444444
7 0.8017109375 0.46847222222222223 0.0089609375 0.014499999999999999
11 0.2730625 0.39038888888888884 0.014812500000000001 0.019444444444444445
1 0.725546875 0.340625 0.006984374999999999 0.010458333333333333
6 0.9095234375000001 0.6472222222222223 0.009945312500000001 0.015319444444444443