13 0.24375 0.7055555555555556 0.078125 0.21666666666666667
13 0.328125 0.5444444444444444 0.0671875 0.21666666666666667
13 0.3375 0.3138888888888889 0.0421875 0.1638888888888889
13 0.6375 0.2638888888888889 0.034375 0.14722222222222223
13 0.478125 0.4583333333333333 0.0546875 0.1527777777777778
14 0.44375 0.39444444444444443 0.046875 0.1388888888888889
14 0.446875 0.5222222222222223 0.059375 0.16666666666666666
14 0.51875 0.6194444444444445 0.040625 0.21944444444444444
14 0.5875 0.48333333333333334 0.05625 0.19722222222222222
14 0.646875 0.39166666666666666 0.04375 0.15
12 0.08125 0.7805555555555556 0.075 0.20277777777777778
12 0.4765625 0.2833333333333333 0.0296875 0.14722222222222223
15 0.8640625 0.8833333333333333 0.0421875 0.03888888888888889
4 0.571875 0.6555555555555556 0.015625 0.027777777777777776
5 0.5125 0.4861111111111111 0.015625 0.03333333333333333
6 0.9 0.6138888888888889 0.015625 0.022222222222222223
6 0.809375 0.45555555555555555 0.01875 0.027777777777777776
1 0.74375 0.34444444444444444 0.015625 0.025
3 0.728125 0.31666666666666665 0.009375 0.022222222222222223
11 0.33125 0.3527777777777778 0.0125 0.016666666666666666
9 0.0375 0.38055555555555554 0.0140625 0.025