13 0.508984375 0.25833333333333336 0.04765625 0.13333333333333333
13 0.139453125 0.4486111111111111 0.03671875 0.19444444444444445
13 0.317578125 0.6236111111111111 0.07109375 0.23333333333333334
13 0.878515625 0.6243055555555556 0.06171875 0.2152777777777778
14 0.45859375 0.32569444444444445 0.046875 0.17083333333333334
14 0.46875 0.5208333333333334 0.0546875 0.18888888888888888
14 0.5765625 0.29444444444444445 0.0609375 0.14444444444444443
14 0.685546875 0.4583333333333333 0.03828125 0.19722222222222222
14 0.788671875 0.5222222222222223 0.06484375 0.21388888888888888
12 0.438671875 0.20902777777777778 0.03828125 0.13472222222222222
15 0.86796875 0.8805555555555555 0.053125 0.041666666666666664
11 0.435984375 0.3095833333333333 0.0092421875 0.01615277777777778
5 0.606921875 0.41697222222222224 0.0073828125 0.011930555555555555
4 0.6628671875000001 0.5799166666666667 0.0087734375 0.01638888888888889
6 0.9965390624999999 0.548625 0.006921874999999999 0.016541666666666666
7 0.90171875 0.3897361111111111 0.0082734375 0.013222222222222222
1 0.8341875 0.27455555555555555 0.009210937499999999 0.013722222222222222
10 0.544625 0.7852361111111111 0.009234375 0.012722222222222222
9 0.1548515625 0.3037222222222222 0.0133359375 0.021652777777777778
3 0.8223515625 0.252625 0.0071015625 0.009833333333333333