13 0.7328125 0.3173611111111111 0.0375 0.1986111111111111
13 0.736328125 0.6430555555555556 0.05859375 0.2222222222222222
13 0.639453125 0.5618055555555556 0.07109375 0.22083333333333333
13 0.51640625 0.6819444444444445 0.04375 0.2611111111111111
13 0.43984375 0.2152777777777778 0.0421875 0.17777777777777778
12 0.8515625 0.28055555555555556 0.03125 0.1638888888888889
12 0.334375 0.7868055555555555 0.059375 0.24583333333333332
12 0.20390625 0.27291666666666664 0.0453125 0.15138888888888888
14 0.626171875 0.39305555555555555 0.04140625 0.2
14 0.69609375 0.5840277777777778 0.0703125 0.2013888888888889
14 0.52265625 0.525 0.0734375 0.23333333333333334
14 0.396875 0.32222222222222224 0.0421875 0.18611111111111112
5 0.44653906250000003 0.6465833333333334 0.01015625 0.016180555555555556
6 0.19896875 0.4154722222222222 0.007984375 0.013500000000000002
7 0.0809453125 0.5876944444444444 0.007867187500000001 0.013694444444444443
0 0.2820625 0.2927638888888889 0.007421875 0.013305555555555555
2 0.29698437499999997 0.26875 0.007703125 0.0125
15 0.866796875 0.8826388888888889 0.04296875 0.04861111111111111
11 0.5622578125000001 0.8907916666666666 0.011984375 0.018236111111111113
10 0.7311015624999999 0.3531388888888889 0.0062734374999999995 0.010777777777777777