13 0.7328125 0.31666666666666665 0.0375 0.19722222222222222
13 0.7359375 0.6444444444444445 0.0578125 0.2222222222222222
13 0.6390625 0.5611111111111111 0.0703125 0.21944444444444444
13 0.515625 0.6833333333333333 0.04375 0.2611111111111111
13 0.440625 0.21666666666666667 0.0421875 0.17777777777777778
12 0.8515625 0.28055555555555556 0.03125 0.1638888888888889
12 0.334375 0.7861111111111111 0.059375 0.24444444444444444
12 0.203125 0.2722222222222222 0.0453125 0.15
14 0.6265625 0.39444444444444443 0.040625 0.2
14 0.696875 0.5833333333333334 0.0703125 0.2
14 0.521875 0.525 0.0734375 0.23333333333333334
14 0.396875 0.32222222222222224 0.0421875 0.18611111111111112
5 0.44375 0.65 0.0171875 0.03611111111111111
6 0.2 0.41388888888888886 0.0140625 0.022222222222222223
7 0.08125 0.5861111111111111 0.015625 0.027777777777777776
0 0.28125 0.29444444444444445 0.015625 0.030555555555555555
2 0.296875 0.26666666666666666 0.015625 0.025
15 0.8671875 0.8833333333333333 0.0421875 0.04722222222222222