13 0.509375 0.25833333333333336 0.046875 0.13333333333333333
13 0.1390625 0.45 0.0359375 0.19444444444444445
13 0.3171875 0.6222222222222222 0.0703125 0.23333333333333334
13 0.878125 0.625 0.0609375 0.21388888888888888
14 0.459375 0.325 0.046875 0.16944444444444445
14 0.46875 0.5222222222222223 0.0546875 0.18888888888888888
14 0.5765625 0.29444444444444445 0.0609375 0.14444444444444443
14 0.6859375 0.4583333333333333 0.0375 0.19722222222222222
14 0.7890625 0.5222222222222223 0.0640625 0.21388888888888888
12 0.4390625 0.20833333333333334 0.0375 0.13333333333333333
15 0.86875 0.8805555555555555 0.053125 0.041666666666666664
9 0.159375 0.3055555555555556 0.01875 0.027777777777777776
3 0.8234375 0.25 0.0171875 0.022222222222222223
11 0.43125 0.2861111111111111 0.0125 0.022222222222222223
5 0.6109375 0.41944444444444445 0.0171875 0.027777777777777776
4 0.665625 0.5777777777777777 0.0171875 0.027777777777777776
6 0.99375 0.5527777777777778 0.0125 0.030555555555555555
7 0.9015625 0.3888888888888889 0.0140625 0.025
1 0.834375 0.275 0.015625 0.025
10 0.55625 0.8388888888888889 0.021875 0.030555555555555555