13 0.5078125 0.18333333333333332 0.03125 0.1638888888888889
13 0.4296875 0.30833333333333335 0.05 0.16666666666666666
13 0.765625 0.6555555555555556 0.0390625 0.2222222222222222
13 0.0546875 0.7027777777777777 0.075 0.25277777777777777
13 0.575 0.2972222222222222 0.0359375 0.19444444444444445
14 0.5875 0.35 0.0359375 0.18333333333333332
14 0.2640625 0.6055555555555555 0.0703125 0.20277777777777778
14 0.41875 0.4 0.0515625 0.18055555555555555
14 0.6671875 0.5694444444444444 0.0515625 0.2111111111111111
14 0.553125 0.24444444444444444 0.0328125 0.15833333333333333
12 0.1375 0.2388888888888889 0.0421875 0.16111111111111112
12 0.5359375 0.7222222222222222 0.046875 0.18888888888888888
12 0.7109375 0.28888888888888886 0.034375 0.16111111111111112
11 0.196875 0.29444444444444445 0.009375 0.016666666666666666
10 0.34375 0.8583333333333333 0.0171875 0.030555555555555555
4 0.453125 0.5944444444444444 0.025 0.03333333333333333
5 0.390625 0.4222222222222222 0.0171875 0.03333333333333333
6 0.775 0.5333333333333333 0.015625 0.030555555555555555
7 0.6828125 0.37777777777777777 0.0203125 0.027777777777777776
0 0.8828125 0.7055555555555556 0.0140625 0.025
1 0.615625 0.26666666666666666 0.0140625 0.022222222222222223
3 0.6015625 0.2388888888888889 0.0125 0.027777777777777776
15 0.8625 0.8833333333333333 0.05 0.04722222222222222