13 0.5078125 0.18333333333333332 0.03125 0.1638888888888889
13 0.4296875 0.3090277777777778 0.05 0.16805555555555557
13 0.766015625 0.6555555555555556 0.03984375 0.2222222222222222
13 0.054296875 0.7034722222222223 0.07578125 0.25416666666666665
13 0.575 0.2972222222222222 0.0359375 0.19444444444444445
14 0.58828125 0.34930555555555554 0.0359375 0.18472222222222223
14 0.263671875 0.6041666666666666 0.07109375 0.20277777777777778
14 0.419140625 0.4 0.05234375 0.18055555555555555
14 0.667578125 0.56875 0.05234375 0.2125
14 0.553125 0.24375 0.0328125 0.1597222222222222
12 0.13671875 0.23958333333333334 0.0421875 0.1625
12 0.535546875 0.7222222222222222 0.04765625 0.18888888888888888
12 0.7109375 0.2881944444444444 0.034375 0.1625
11 0.20533593749999998 0.322 0.007890625 0.01188888888888889
10 0.3325 0.8149166666666667 0.0100390625 0.016083333333333335
4 0.4507734375 0.5886805555555555 0.011375 0.018430555555555554
5 0.3893515625 0.4255277777777778 0.01075 0.017916666666666668
6 0.7781875 0.5346111111111111 0.00925 0.016055555555555556
7 0.6836015625 0.3789166666666667 0.0084375 0.014805555555555556
1 0.6161640625 0.267625 0.006687500000000001 0.011152777777777777
3 0.602671875 0.24511111111111109 0.00684375 0.012513888888888889
15 0.862890625 0.8847222222222222 0.05078125 0.04722222222222222
0 0.88628125 0.7081527777777777 0.0088359375 0.014944444444444444