13 0.615625 0.48333333333333334 0.0640625 0.2361111111111111
13 0.1078125 0.6611111111111111 0.059375 0.2388888888888889
13 0.3375 0.15 0.046875 0.16944444444444445
13 0.3375 0.30277777777777776 0.04375 0.18611111111111112
13 0.9296875 0.5361111111111111 0.0546875 0.23055555555555557
14 0.84375 0.49722222222222223 0.0921875 0.19444444444444445
14 0.5609375 0.48055555555555557 0.0765625 0.2222222222222222
14 0.346875 0.5194444444444445 0.0875 0.21666666666666667
14 0.434375 0.24444444444444444 0.0375 0.21388888888888888
14 0.328125 0.3277777777777778 0.0296875 0.17777777777777778
12 0.3015625 0.725 0.05625 0.22777777777777777
12 0.1546875 0.2777777777777778 0.0421875 0.18611111111111112
12 0.9734375 0.19444444444444445 0.03125 0.20277777777777778
4 0.496875 0.4083333333333333 0.01875 0.030555555555555555
5 0.421875 0.5916666666666667 0.0203125 0.03611111111111111
6 0.1734375 0.36666666666666664 0.0140625 0.022222222222222223
7 0.053125 0.5416666666666666 0.015625 0.027777777777777776
0 0.25625 0.24166666666666667 0.015625 0.027777777777777776
2 0.271875 0.21388888888888888 0.0203125 0.03611111111111111
10 0.7125 0.26666666666666666 0.0140625 0.025
15 0.671875 0.9083333333333333 0.05625 0.041666666666666664