14 0.88125 0.33611111111111114 0.0515625 0.18888888888888888
14 0.805859375 0.5416666666666666 0.05703125 0.17222222222222222
14 0.555859375 0.2902777777777778 0.05390625 0.1638888888888889
14 0.389453125 0.28125 0.03671875 0.16805555555555557
14 0.17734375 0.5930555555555556 0.0421875 0.21944444444444444
13 0.822265625 0.4222222222222222 0.06640625 0.18055555555555555
13 0.739453125 0.48125 0.09609375 0.16805555555555557
13 0.315625 0.4979166666666667 0.04375 0.2125
13 0.419921875 0.3263888888888889 0.03515625 0.15833333333333333
13 0.51796875 0.32222222222222224 0.0421875 0.16666666666666666
12 0.9609375 0.24583333333333332 0.046875 0.15833333333333333
12 0.43203125 0.6618055555555555 0.0515625 0.18472222222222223
12 0.3328125 0.22777777777777777 0.028125 0.13333333333333333
4 0.602984375 0.39568055555555554 0.006203125 0.010819444444444444
5 0.5370546875 0.5494027777777778 0.0063671875000000005 0.010722222222222222
6 0.327171875 0.3491666666666667 0.008 0.011222222222222222
7 0.23038281249999998 0.4922638888888889 0.008265625 0.01351388888888889
2 0.41121875 0.2235138888888889 0.0056953125 0.010722222222222222
1 0.11961718750000001 0.6514444444444445 0.009078125 0.01663888888888889
10 0.7835390624999999 0.30168055555555556 0.005703125 0.009722222222222222
15 0.877734375 0.8472222222222222 0.05078125 0.03611111111111111
11 0.6365546875 0.7605972222222223 0.006742187500000001 0.011902777777777778