14 0.61640625 0.4826388888888889 0.0640625 0.2375
14 0.107421875 0.6618055555555555 0.06015625 0.24027777777777778
14 0.33828125 0.1486111111111111 0.046875 0.16944444444444445
14 0.33828125 0.3020833333333333 0.04375 0.1875
14 0.9296875 0.5368055555555555 0.0546875 0.23194444444444445
13 0.84375 0.4979166666666667 0.0921875 0.19583333333333333
13 0.560546875 0.48055555555555557 0.07734375 0.2222222222222222
13 0.346484375 0.51875 0.08828125 0.21805555555555556
13 0.434375 0.24583333333333332 0.0375 0.21388888888888888
13 0.32734375 0.32916666666666666 0.0296875 0.17777777777777778
12 0.3015625 0.7243055555555555 0.05625 0.22916666666666666
12 0.1546875 0.27708333333333335 0.0421875 0.1875
12 0.973046875 0.19444444444444445 0.03203125 0.20277777777777778
4 0.49879687500000003 0.4082083333333334 0.009390625 0.0165
5 0.42300000000000004 0.5911805555555555 0.009546875 0.01591666666666667
6 0.17225 0.3661388888888889 0.008117187500000001 0.012388888888888889
7 0.052976562500000005 0.5413888888888889 0.008390625 0.01604166666666667
0 0.2554453125 0.23980555555555555 0.008171875 0.013305555555555555
10 0.7050078125 0.29083333333333333 0.008796875 0.01661111111111111
15 0.67265625 0.9090277777777778 0.05625 0.043055555555555555
11 0.5395 0.8298611111111112 0.010390625 0.016972222222222222
2 0.271234375 0.2162083333333333 0.0074140625000000005 0.012930555555555556