13 0.88125 0.33611111111111114 0.0515625 0.18888888888888888
13 0.80625 0.5416666666666666 0.05625 0.17222222222222222
13 0.55625 0.28888888888888886 0.053125 0.1638888888888889
13 0.3890625 0.28055555555555556 0.0359375 0.16666666666666666
13 0.178125 0.5944444444444444 0.0421875 0.21944444444444444
14 0.821875 0.4222222222222222 0.065625 0.18055555555555555
14 0.7390625 0.48055555555555557 0.0953125 0.16666666666666666
14 0.315625 0.49722222222222223 0.04375 0.2111111111111111
14 0.4203125 0.3277777777777778 0.034375 0.15833333333333333
14 0.51875 0.32222222222222224 0.0421875 0.16666666666666666
12 0.9609375 0.24444444444444444 0.046875 0.15833333333333333
12 0.43125 0.6611111111111111 0.0515625 0.18333333333333332
12 0.3328125 0.22777777777777777 0.028125 0.13333333333333333
4 0.6015625 0.39444444444444443 0.01875 0.027777777777777776
5 0.5375 0.5527777777777778 0.01875 0.03611111111111111
6 0.3265625 0.34444444444444444 0.0125 0.019444444444444445
7 0.23125 0.49166666666666664 0.0140625 0.025
2 0.4125 0.2222222222222222 0.0140625 0.027777777777777776
1 0.11875 0.65 0.0171875 0.030555555555555555
10 0.790625 0.2777777777777778 0.0203125 0.025
15 0.878125 0.8472222222222222 0.05 0.03611111111111111