14 0.940625 0.5611111111111111 0.0734375 0.25833333333333336
14 0.548046875 0.7277777777777777 0.05234375 0.2777777777777778
14 0.21171875 0.7826388888888889 0.0640625 0.30972222222222223
14 0.212890625 0.5020833333333333 0.05234375 0.2263888888888889
14 0.387109375 0.31875 0.04765625 0.18472222222222223
12 0.16484375 0.35833333333333334 0.0546875 0.21388888888888888
12 0.537109375 0.8305555555555556 0.10390625 0.25833333333333336
12 0.73515625 0.25972222222222224 0.059375 0.18888888888888888
13 0.31875 0.4388888888888889 0.071875 0.2388888888888889
13 0.369921875 0.36041666666666666 0.07890625 0.2152777777777778
13 0.25234375 0.5756944444444444 0.053125 0.25972222222222224
13 0.441796875 0.59375 0.05546875 0.2513888888888889
13 0.715625 0.5291666666666667 0.0578125 0.2611111111111111
15 0.872265625 0.8451388888888889 0.04765625 0.04583333333333333
4 0.5895937499999999 0.49643055555555554 0.013921875 0.02036111111111111
5 0.5022968750000001 0.6996805555555555 0.01065625 0.01563888888888889
7 0.093671875 0.6311527777777778 0.0105546875 0.019055555555555555
2 0.3365625 0.27375 0.009890625 0.015819444444444445
0 0.31928125 0.30069444444444443 0.0085 0.014152777777777776
10 0.8254140624999999 0.37083333333333335 0.007875 0.013
11 0.6334921875 0.9807222222222223 0.0100625 0.017263888888888888