13 0.940625 0.5611111111111111 0.0734375 0.25833333333333336
13 0.5484375 0.7277777777777777 0.0515625 0.2777777777777778
13 0.2125 0.7833333333333333 0.0640625 0.30833333333333335
13 0.2125 0.5027777777777778 0.0515625 0.225
13 0.3875 0.3194444444444444 0.046875 0.18333333333333332
12 0.165625 0.35833333333333334 0.0546875 0.21388888888888888
12 0.5375 0.8305555555555556 0.103125 0.25833333333333336
12 0.734375 0.2611111111111111 0.059375 0.18888888888888888
14 0.31875 0.4388888888888889 0.071875 0.2388888888888889
14 0.3703125 0.3611111111111111 0.078125 0.21388888888888888
14 0.253125 0.575 0.053125 0.25833333333333336
14 0.4421875 0.5944444444444444 0.0546875 0.25
14 0.715625 0.5277777777777778 0.0578125 0.2611111111111111
15 0.871875 0.8444444444444444 0.046875 0.044444444444444446
4 0.5890625 0.5 0.0203125 0.030555555555555555
5 0.5 0.7 0.025 0.030555555555555555
7 0.09375 0.6333333333333333 0.0203125 0.03333333333333333
2 0.3375 0.2722222222222222 0.015625 0.025
0 0.31875 0.3 0.0171875 0.025
10 0.834375 0.34444444444444444 0.015625 0.027777777777777776