13 0.225 0.46458333333333335 0.0515625 0.2013888888888889
13 0.374609375 0.4444444444444444 0.06640625 0.2
13 0.417578125 0.2298611111111111 0.03671875 0.17916666666666667
13 0.615234375 0.7354166666666667 0.06328125 0.2375
13 0.59765625 0.20416666666666666 0.040625 0.15833333333333333
14 0.641015625 0.3229166666666667 0.02890625 0.19305555555555556
14 0.319921875 0.4444444444444444 0.06796875 0.19444444444444445
14 0.41015625 0.49583333333333335 0.0421875 0.19444444444444445
14 0.52578125 0.30416666666666664 0.0578125 0.2111111111111111
14 0.703515625 0.6208333333333333 0.05546875 0.25555555555555554
12 0.201953125 0.8277777777777777 0.07421875 0.2638888888888889
12 0.43515625 0.20555555555555555 0.04375 0.18611111111111112
3 0.7184765625 0.24955555555555556 0.011578125 0.01965277777777778
1 0.7329140625 0.2752222222222222 0.0114375 0.01922222222222222
4 0.5434765625 0.6342083333333334 0.0111015625 0.020708333333333332
5 0.47671875 0.44766666666666666 0.013968749999999999 0.021638888888888888
6 0.920890625 0.5811944444444445 0.014937500000000001 0.022875
7 0.8106406249999999 0.4029583333333333 0.0120390625 0.020097222222222225
11 0.274765625 0.32926388888888886 0.01178125 0.015430555555555555
15 0.8765625 0.8458333333333333 0.0453125 0.041666666666666664
10 0.4103671875 0.8826527777777777 0.0096328125 0.015777777777777776