14 0.0561484375 0.5418055555555555 0.10091406249999998 0.2850138888888889
13 0.293375 0.17794444444444446 0.07080468749999999 0.18229166666666666
13 0.2681484375 0.3255138888888889 0.09196093749999999 0.2372638888888889
13 0.48054687500000004 0.4463194444444445 0.09358593750000001 0.19530555555555557
13 0.8361796874999999 0.37109722222222224 0.08545312499999999 0.2618611111111111
14 0.9338359374999999 0.36241666666666666 0.10010156249999999 0.2676527777777778
14 0.43090624999999994 0.7002361111111112 0.1342734375 0.2980277777777778
14 0.9667187500000001 0.5396388888888889 0.0665625 0.25752777777777774
14 0.6441250000000001 0.27416666666666667 0.07568749999999999 0.22134722222222222
9 0.8386250000000001 0.268375 0.026859375 0.04484722222222222
4 0.1400546875 0.4449305555555556 0.0119375 0.018041666666666668
5 0.0372109375 0.6995277777777779 0.0129453125 0.020305555555555556
15 0.8768750000000001 0.8499722222222222 0.0447578125 0.03906944444444444
12 0.24332812499999998 0.8964166666666666 0.0748671875 0.20718055555555553
10 0.41628906250000003 0.27543055555555557 0.017421875 0.025125