14 0.05625 0.5416666666666666 0.1 0.2833333333333333
13 0.29375 0.17777777777777778 0.0703125 0.18055555555555555
13 0.26875 0.325 0.090625 0.2361111111111111
13 0.48125 0.44722222222222224 0.0921875 0.19444444444444445
13 0.8359375 0.37222222222222223 0.084375 0.2611111111111111
14 0.934375 0.3611111111111111 0.1 0.26666666666666666
14 0.43125 0.7 0.1328125 0.2972222222222222
14 0.965625 0.5388888888888889 0.0671875 0.25833333333333336
14 0.64375 0.275 0.075 0.21944444444444444
9 0.8390625 0.26944444444444443 0.0265625 0.044444444444444446
10 0.425 0.24444444444444444 0.0296875 0.030555555555555555
4 0.14375 0.45 0.025 0.030555555555555555
5 0.0375 0.6972222222222222 0.0203125 0.03333333333333333
15 0.8765625 0.85 0.04375 0.03888888888888889
12 0.24375 0.8944444444444445 0.075 0.20833333333333334