13 0.225 0.4638888888888889 0.0515625 0.2
13 0.375 0.4444444444444444 0.065625 0.2
13 0.4171875 0.23055555555555557 0.0359375 0.17777777777777778
13 0.615625 0.7361111111111112 0.0625 0.2361111111111111
13 0.596875 0.20555555555555555 0.040625 0.15833333333333333
14 0.640625 0.32222222222222224 0.028125 0.19166666666666668
14 0.3203125 0.4444444444444444 0.0671875 0.19444444444444445
14 0.409375 0.49444444444444446 0.0421875 0.19444444444444445
14 0.525 0.3055555555555556 0.0578125 0.2111111111111111
14 0.703125 0.6222222222222222 0.0546875 0.25555555555555554
12 0.2015625 0.8277777777777777 0.0734375 0.2638888888888889
12 0.434375 0.20555555555555555 0.04375 0.18611111111111112
3 0.71875 0.25 0.0171875 0.027777777777777776
1 0.73125 0.275 0.021875 0.030555555555555555
4 0.54375 0.6333333333333333 0.01875 0.03611111111111111
5 0.478125 0.44722222222222224 0.021875 0.03611111111111111
6 0.9171875 0.5777777777777777 0.01875 0.030555555555555555
7 0.809375 0.4 0.0140625 0.027777777777777776
11 0.2703125 0.3 0.0140625 0.022222222222222223
15 0.8765625 0.8444444444444444 0.0453125 0.041666666666666664