14 0.183984375 0.53125 0.05390625 0.2625
14 0.387890625 0.4013888888888889 0.03671875 0.21944444444444444
14 0.4484375 0.3736111111111111 0.040625 0.225
14 0.639453125 0.1840277777777778 0.04296875 0.20972222222222223
13 0.648046875 0.40208333333333335 0.05234375 0.22361111111111112
13 0.49921875 0.3972222222222222 0.0578125 0.2361111111111111
13 0.58828125 0.27361111111111114 0.059375 0.20555555555555555
12 0.16328125 0.8055555555555556 0.05625 0.2722222222222222
12 0.61796875 0.15486111111111112 0.034375 0.17083333333333334
13 0.315625 0.5458333333333333 0.0546875 0.22777777777777777
3 0.9432421874999999 0.21641666666666665 0.012750000000000001 0.022472222222222223
5 0.6706953125 0.42275 0.0119296875 0.020027777777777776
4 0.7405390625 0.6263611111111111 0.015101562499999999 0.025555555555555554
11 0.459203125 0.28779166666666667 0.007859375 0.010291666666666668
10 0.5940703125 0.8808055555555555 0.0119140625 0.019125
1 0.959421875 0.24318055555555557 0.012453124999999999 0.021541666666666667