13 0.184375 0.5305555555555556 0.053125 0.2611111111111111
13 0.3875 0.4 0.0359375 0.21944444444444444
13 0.4484375 0.37222222222222223 0.040625 0.225
13 0.6390625 0.18333333333333332 0.0421875 0.20833333333333334
14 0.6484375 0.4027777777777778 0.0515625 0.2222222222222222
14 0.5 0.3972222222222222 0.0578125 0.2361111111111111
14 0.5875 0.2722222222222222 0.059375 0.20555555555555555
12 0.1625 0.8055555555555556 0.05625 0.2722222222222222
12 0.61875 0.15555555555555556 0.034375 0.16944444444444445
14 0.315625 0.5444444444444444 0.0546875 0.22777777777777777
11 0.1875 0.2777777777777778 0.01875 0.030555555555555555
3 0.94375 0.21666666666666667 0.015625 0.025
1 0.9578125 0.24444444444444444 0.0140625 0.025
5 0.671875 0.4222222222222222 0.015625 0.027777777777777776
4 0.740625 0.625 0.021875 0.030555555555555555
11 0.453125 0.25833333333333336 0.009375 0.011111111111111112
10 0.60625 0.9416666666666667 0.025 0.03611111111111111