12 0.8765625 0.43333333333333335 0.046875 0.2111111111111111
12 0.0375 0.28888888888888886 0.034375 0.20555555555555555
12 0.546875 0.7888888888888889 0.0640625 0.18888888888888888
15 0.671875 0.9055555555555556 0.065625 0.044444444444444446
14 0.3640625 0.5777777777777777 0.0609375 0.2
14 0.29375 0.40555555555555556 0.0859375 0.2
14 0.5421875 0.325 0.046875 0.18611111111111112
14 0.6109375 0.2722222222222222 0.0390625 0.2222222222222222
13 0.18125 0.6222222222222222 0.05625 0.2361111111111111
13 0.6734375 0.5861111111111111 0.0671875 0.22777777777777777
13 0.11875 0.3472222222222222 0.0328125 0.20555555555555555
13 0.3625 0.3111111111111111 0.046875 0.21944444444444444
13 0.553125 0.16666666666666666 0.0375 0.18611111111111112
14 0.6734375 0.5416666666666666 0.0875 0.16944444444444445
4 0.478125 0.6333333333333333 0.0171875 0.027777777777777776
5 0.39375 0.45 0.015625 0.025
6 0.8484375 0.5555555555555556 0.015625 0.030555555555555555
7 0.728125 0.38333333333333336 0.0203125 0.025
1 0.6421875 0.25555555555555554 0.0125 0.027777777777777776
0 0.9890625 0.75 0.0203125 0.030555555555555555
11 0.1609375 0.3055555555555556 0.0140625 0.025