12 0.876171875 0.43194444444444446 0.04765625 0.2111111111111111
12 0.03671875 0.28888888888888886 0.034375 0.20555555555555555
12 0.547265625 0.7881944444444444 0.06484375 0.19027777777777777
15 0.67109375 0.9069444444444444 0.065625 0.044444444444444446
13 0.364453125 0.5791666666666667 0.06171875 0.2
13 0.29296875 0.4041666666666667 0.0859375 0.2
13 0.541796875 0.32430555555555557 0.04765625 0.1875
13 0.6109375 0.2722222222222222 0.0390625 0.2222222222222222
14 0.18203125 0.6208333333333333 0.05625 0.2361111111111111
14 0.673046875 0.5861111111111111 0.06796875 0.22777777777777777
14 0.11875 0.34652777777777777 0.0328125 0.20694444444444443
14 0.3625 0.31180555555555556 0.046875 0.22083333333333333
14 0.552734375 0.1673611111111111 0.03828125 0.1875
13 0.673046875 0.5409722222222222 0.08828125 0.17083333333333334
4 0.47635937500000003 0.6350833333333333 0.0088203125 0.015250000000000001
5 0.3928828125 0.449125 0.0101171875 0.015430555555555555
6 0.8506875 0.5579166666666666 0.0111171875 0.019194444444444445
7 0.72971875 0.38569444444444445 0.0105234375 0.016
1 0.6427890625 0.2603611111111111 0.009093750000000001 0.014680555555555556
11 0.17046875 0.3375416666666667 0.007601562500000001 0.011166666666666665
0 0.9905546875000001 0.7540277777777777 0.008304687500000001 0.017430555555555557