14 0.6375 0.2902777777777778 0.0296875 0.10833333333333334
14 0.655078125 0.3388888888888889 0.02109375 0.14722222222222223
14 0.44609375 0.6159722222222223 0.03125 0.17083333333333334
14 0.610546875 0.3729166666666667 0.03046875 0.16805555555555557
14 0.35546875 0.45208333333333334 0.034375 0.12916666666666668
12 0.480078125 0.6145833333333334 0.03046875 0.17083333333333334
12 0.148828125 0.5083333333333333 0.03203125 0.1638888888888889
12 0.601953125 0.20833333333333334 0.02734375 0.12222222222222222
13 0.63671875 0.31875 0.0296875 0.11527777777777778
13 0.52421875 0.3819444444444444 0.0328125 0.1361111111111111
13 0.54296875 0.4013888888888889 0.0375 0.15
13 0.371484375 0.42430555555555555 0.05390625 0.1597222222222222
13 0.44453125 0.5694444444444444 0.0453125 0.16944444444444445
4 0.556140625 0.37927777777777777 0.0058046875 0.009597222222222222
5 0.510453125 0.5071527777777778 0.0058203125 0.009013888888888889
6 0.3277734375 0.34894444444444445 0.006140625 0.010986111111111111
7 0.2551171875 0.47123611111111113 0.008304687500000001 0.012430555555555554
0 0.3791875 0.26061111111111107 0.00571875 0.010083333333333333
1 0.1736953125 0.6060833333333333 0.007593750000000001 0.013500000000000002
2 0.38940625 0.24384722222222222 0.0053203124999999995 0.008722222222222223
3 0.15139843749999998 0.6423611111111112 0.0085234375 0.015013888888888889
8 0.930078125 0.29930555555555555 0.01953125 0.03194444444444444
11 0.601828125 0.6766388888888889 0.0056015625 0.009444444444444445
10 0.6959375 0.2957916666666667 0.004734375 0.00836111111111111