13 0.6375 0.28888888888888886 0.0296875 0.10833333333333334
13 0.6546875 0.3388888888888889 0.0203125 0.14722222222222223
13 0.446875 0.6166666666666667 0.03125 0.16944444444444445
13 0.6109375 0.37222222222222223 0.0296875 0.16666666666666666
13 0.35625 0.4527777777777778 0.034375 0.12777777777777777
12 0.4796875 0.6138888888888889 0.0296875 0.16944444444444445
12 0.1484375 0.5083333333333333 0.03125 0.1638888888888889
12 0.6015625 0.20833333333333334 0.0265625 0.12222222222222222
14 0.6375 0.3194444444444444 0.0296875 0.11388888888888889
14 0.525 0.38333333333333336 0.0328125 0.1361111111111111
14 0.54375 0.4 0.0375 0.15
14 0.371875 0.425 0.053125 0.15833333333333333
14 0.44375 0.5694444444444444 0.0453125 0.16944444444444445
4 0.55625 0.38055555555555554 0.0140625 0.03333333333333333
5 0.509375 0.5083333333333333 0.0140625 0.03333333333333333
6 0.328125 0.34444444444444444 0.0125 0.030555555555555555
7 0.2546875 0.4666666666666667 0.0171875 0.027777777777777776
0 0.3796875 0.2611111111111111 0.0140625 0.022222222222222223
1 0.171875 0.6055555555555555 0.015625 0.027777777777777776
2 0.3921875 0.2388888888888889 0.015625 0.030555555555555555
3 0.1515625 0.6416666666666667 0.015625 0.030555555555555555
8 0.9296875 0.3 0.01875 0.030555555555555555
10 0.7 0.275 0.015625 0.022222222222222223