13 0.8234375 0.25 0.071875 0.20833333333333334
13 0.5953125 0.175 0.09375 0.18611111111111112
13 0.746875 0.4111111111111111 0.0890625 0.21388888888888888
14 0.5046875 0.26944444444444443 0.0796875 0.2
14 0.83125 0.4888888888888889 0.084375 0.24166666666666667
14 0.4671875 0.6944444444444444 0.1015625 0.2777777777777778
12 0.559375 0.7916666666666666 0.109375 0.23333333333333334
15 0.8640625 0.8861111111111111 0.040625 0.03888888888888889
8 0.365625 0.23055555555555557 0.0234375 0.03333333333333333
9 0.7015625 0.2111111111111111 0.01875 0.027777777777777776
10 0.009375 0.225 0.0171875 0.027777777777777776
5 0.93125 0.39444444444444443 0.0171875 0.03611111111111111