13 0.8234375 0.25069444444444444 0.071875 0.20972222222222223
13 0.5953125 0.17430555555555555 0.09375 0.1875
13 0.74609375 0.4097222222222222 0.0890625 0.21388888888888888
14 0.505078125 0.26944444444444443 0.08046875 0.2
14 0.83046875 0.4895833333333333 0.084375 0.24305555555555555
14 0.467578125 0.6944444444444444 0.10234375 0.2777777777777778
12 0.56015625 0.7909722222222222 0.109375 0.23472222222222222
15 0.864453125 0.8861111111111111 0.04140625 0.03888888888888889
8 0.36384375 0.22545833333333334 0.016625 0.021208333333333333
11 0.7078046875 0.24530555555555555 0.0116953125 0.018125000000000002
10 0.00859375 0.225 0.0171875 0.027777777777777776
5 0.9304375 0.3953472222222222 0.013390625 0.02356944444444444