13 0.0984375 0.48055555555555557 0.0359375 0.2388888888888889
13 0.465625 0.19444444444444445 0.040625 0.17777777777777778
13 0.409375 0.5888888888888889 0.05 0.21388888888888888
13 0.678125 0.6083333333333333 0.05 0.2388888888888889
13 0.9 0.46944444444444444 0.0515625 0.23055555555555557
14 0.2890625 0.4361111111111111 0.0546875 0.23055555555555557
14 0.4234375 0.55 0.0671875 0.18888888888888888
14 0.371875 0.2972222222222222 0.028125 0.18888888888888888
14 0.771875 0.4583333333333333 0.0484375 0.2111111111111111
14 0.628125 0.5944444444444444 0.0671875 0.175
12 0.71875 0.23055555555555557 0.0375 0.17222222222222222
12 0.1515625 0.5222222222222223 0.0484375 0.21944444444444444
12 0.659375 0.7944444444444444 0.0546875 0.23333333333333334
4 0.6484375 0.46111111111111114 0.0171875 0.030555555555555555
5 0.571875 0.6305555555555555 0.01875 0.03888888888888889
6 0.340625 0.3972222222222222 0.0171875 0.030555555555555555
7 0.2328125 0.5611111111111111 0.0171875 0.030555555555555555
1 0.1109375 0.7361111111111112 0.021875 0.03333333333333333
0 0.421875 0.2861111111111111 0.0171875 0.027777777777777776
3 0.071875 0.7777777777777778 0.0265625 0.03333333333333333
2 0.4359375 0.25555555555555554 0.0203125 0.025
10 0.8640625 0.325 0.01875 0.025
11 0.6671875 0.9166666666666666 0.0171875 0.030555555555555555
15 0.865625 0.8833333333333333 0.04375 0.05277777777777778