13 0.8421875 0.5361111111111111 0.05625 0.2388888888888889
13 0.4078125 0.7527777777777778 0.0359375 0.24166666666666667
13 0.2390625 0.5972222222222222 0.0359375 0.25555555555555554
13 0.59375 0.29444444444444445 0.040625 0.16111111111111112
13 0.8078125 0.31666666666666665 0.0671875 0.16944444444444445
12 0.984375 0.32222222222222224 0.03125 0.18888888888888888
12 0.4703125 0.8166666666666667 0.0484375 0.21666666666666667
14 0.315625 0.5305555555555556 0.040625 0.21666666666666667
14 0.45625 0.6361111111111111 0.053125 0.20833333333333334
14 0.7265625 0.49166666666666664 0.05 0.2222222222222222
14 0.71875 0.35 0.05 0.175
14 0.5625 0.3 0.0453125 0.18333333333333332
4 0.653125 0.5027777777777778 0.0140625 0.025
5 0.575 0.6777777777777778 0.0140625 0.025
2 0.434375 0.3 0.0140625 0.022222222222222223
0 0.4203125 0.32222222222222224 0.0140625 0.025
1 0.096875 0.7861111111111111 0.0140625 0.016666666666666666
6 0.340625 0.4444444444444444 0.015625 0.030555555555555555
10 0.8765625 0.36666666666666664 0.015625 0.030555555555555555
15 0.865625 0.8833333333333333 0.0421875 0.041666666666666664