14 0.723046875 0.6263888888888889 0.07578125 0.2111111111111111
14 0.44765625 0.16875 0.03125 0.1736111111111111
14 0.259765625 0.2986111111111111 0.04140625 0.18611111111111112
14 0.2609375 0.50625 0.05 0.20694444444444443
14 0.297265625 0.5763888888888888 0.08359375 0.21666666666666667
13 0.334765625 0.32083333333333336 0.04296875 0.19722222222222222
13 0.465625 0.25763888888888886 0.0328125 0.18472222222222223
13 0.32578125 0.4756944444444444 0.053125 0.19027777777777777
13 0.408984375 0.5395833333333333 0.07109375 0.19305555555555556
13 0.616015625 0.5402777777777777 0.07578125 0.18333333333333332
12 0.881640625 0.5201388888888889 0.03515625 0.20972222222222223
12 0.27734375 0.17569444444444443 0.0359375 0.15694444444444444
12 0.20703125 0.7326388888888888 0.0609375 0.22916666666666666
11 0.13909375 0.29866666666666664 0.0062265624999999995 0.009986111111111112
4 0.393984375 0.569875 0.0069453125 0.011416666666666667
5 0.3300234375 0.4017916666666667 0.008171875 0.013166666666666667
6 0.7248984375 0.5072361111111111 0.0081015625 0.012888888888888887
7 0.6302265625000001 0.3537083333333333 0.007054687499999999 0.0125
0 0.8334453125 0.6798194444444445 0.007789062500000001 0.010902777777777777
1 0.56015625 0.23856944444444445 0.006070312499999999 0.010944444444444444
3 0.54715625 0.21731944444444445 0.005156249999999999 0.01011111111111111
15 0.866015625 0.8826388888888889 0.04296875 0.043055555555555555
10 0.2732578125 0.800625 0.006 0.011013888888888889