14 0.841796875 0.5361111111111111 0.05703125 0.2388888888888889
14 0.408203125 0.7520833333333333 0.03671875 0.24305555555555555
14 0.238671875 0.5979166666666667 0.03671875 0.2569444444444444
14 0.59453125 0.29444444444444445 0.040625 0.16111111111111112
14 0.8078125 0.3159722222222222 0.0671875 0.17083333333333334
12 0.983984375 0.3215277777777778 0.03203125 0.19027777777777777
12 0.4703125 0.8152777777777778 0.0484375 0.21666666666666667
13 0.315234375 0.5305555555555556 0.04140625 0.21666666666666667
13 0.45625 0.6354166666666666 0.053125 0.20972222222222223
13 0.7265625 0.4909722222222222 0.05 0.22361111111111112
13 0.719140625 0.35 0.05078125 0.175
13 0.56171875 0.30069444444444443 0.0453125 0.18472222222222223
4 0.6541875 0.5002361111111111 0.0089765625 0.014
5 0.5766953125 0.6752361111111111 0.0087890625 0.013333333333333332
2 0.4350625 0.30050000000000004 0.00709375 0.01184722222222222
0 0.419453125 0.32354166666666667 0.007124999999999999 0.009652777777777777
1 0.0972265625 0.7864166666666667 0.009921875 0.015375
6 0.3387265625 0.44120833333333337 0.0073671875 0.011472222222222222
15 0.86484375 0.8840277777777777 0.0421875 0.043055555555555555
11 0.6900937500000001 0.9231666666666666 0.0094453125 0.016805555555555556
10 0.8657265625000001 0.3953333333333333 0.0079375 0.014152777777777776