13 0.0984375 0.4798611111111111 0.0359375 0.24027777777777778
13 0.46640625 0.19375 0.040625 0.17916666666666667
13 0.408984375 0.5902777777777778 0.05078125 0.21388888888888888
13 0.67734375 0.6083333333333333 0.05 0.2388888888888889
13 0.89921875 0.46875 0.0515625 0.23194444444444445
14 0.288671875 0.4361111111111111 0.05546875 0.23055555555555557
14 0.423046875 0.5506944444444445 0.06796875 0.19027777777777777
14 0.372265625 0.2965277777777778 0.02890625 0.19027777777777777
14 0.77265625 0.45902777777777776 0.0484375 0.2125
14 0.628515625 0.5930555555555556 0.06796875 0.175
12 0.719140625 0.23055555555555557 0.03828125 0.17222222222222222
12 0.1515625 0.5236111111111111 0.0484375 0.21944444444444444
12 0.658984375 0.7958333333333333 0.05546875 0.23333333333333334
4 0.6478984375 0.45406944444444447 0.0113359375 0.016416666666666666
5 0.571734375 0.6267916666666667 0.0115703125 0.019097222222222224
6 0.3395546875 0.3993333333333333 0.0113359375 0.017805555555555557
7 0.2317578125 0.5585416666666666 0.0113359375 0.01972222222222222
1 0.1066953125 0.7328055555555556 0.012328124999999999 0.019194444444444445
0 0.4191015625 0.2849305555555556 0.0110859375 0.016944444444444443
3 0.07321875 0.7805833333333333 0.012765625 0.021083333333333332
2 0.434875 0.2612083333333333 0.011296875000000001 0.01651388888888889
10 0.8533125 0.34927777777777774 0.009984375 0.014166666666666666
15 0.865625 0.8847222222222222 0.04375 0.05277777777777778
11 0.682390625 0.866361111111111 0.010007812500000001 0.013375000000000001