13 0.7234375 0.6277777777777778 0.075 0.2111111111111111
13 0.446875 0.16944444444444445 0.03125 0.17222222222222222
13 0.259375 0.3 0.040625 0.18611111111111112
13 0.2609375 0.5055555555555555 0.05 0.20555555555555555
13 0.296875 0.5777777777777777 0.0828125 0.21666666666666667
14 0.334375 0.32222222222222224 0.0421875 0.19722222222222222
14 0.465625 0.25833333333333336 0.0328125 0.18333333333333332
14 0.325 0.475 0.053125 0.18888888888888888
14 0.409375 0.5388888888888889 0.0703125 0.19166666666666668
14 0.615625 0.5388888888888889 0.075 0.18333333333333332
12 0.88125 0.5194444444444445 0.034375 0.20833333333333334
12 0.278125 0.175 0.0359375 0.15555555555555556
12 0.20625 0.7333333333333333 0.0609375 0.22777777777777777
11 0.1328125 0.2722222222222222 0.015625 0.03333333333333333
4 0.3953125 0.5722222222222222 0.01875 0.03333333333333333
5 0.33125 0.40555555555555556 0.0234375 0.03888888888888889
6 0.7234375 0.5055555555555555 0.025 0.030555555555555555
7 0.6296875 0.3527777777777778 0.015625 0.027777777777777776
0 0.834375 0.6805555555555556 0.0171875 0.03333333333333333
1 0.565625 0.24166666666666667 0.021875 0.03333333333333333
3 0.5515625 0.21944444444444444 0.015625 0.027777777777777776
15 0.865625 0.8833333333333333 0.0421875 0.041666666666666664