13 0.7046875 0.7194444444444444 0.0671875 0.28888888888888886
13 0.625 0.4444444444444444 0.0515625 0.2111111111111111
13 0.6734375 0.4305555555555556 0.075 0.19722222222222222
13 0.3359375 0.18888888888888888 0.0375 0.16111111111111112
13 0.028125 0.7222222222222222 0.0546875 0.26944444444444443
14 0.1234375 0.6777777777777778 0.06875 0.19722222222222222
14 0.2921875 0.33055555555555555 0.0453125 0.19722222222222222
14 0.515625 0.45555555555555555 0.0578125 0.21666666666666667
14 0.578125 0.6277777777777778 0.0609375 0.25277777777777777
14 0.65 0.4027777777777778 0.0609375 0.2
12 0.89375 0.8055555555555556 0.078125 0.28055555555555556
12 0.584375 0.18611111111111112 0.040625 0.18611111111111112
5 0.4375 0.6305555555555555 0.01875 0.03888888888888889
6 0.1625 0.4027777777777778 0.015625 0.03333333333333333
7 0.05 0.5833333333333334 0.025 0.03333333333333333
0 0.24375 0.26944444444444443 0.0171875 0.027777777777777776
2 0.25625 0.2361111111111111 0.021875 0.03333333333333333
10 0.715625 0.28888888888888886 0.015625 0.025