13 0.1328125 0.7388888888888889 0.0625 0.25833333333333336
13 0.8375 0.45 0.0578125 0.2111111111111111
13 0.665625 0.3638888888888889 0.05625 0.20555555555555555
13 0.6921875 0.2222222222222222 0.0421875 0.19444444444444445
13 0.503125 0.31666666666666665 0.04375 0.18888888888888888
14 0.5859375 0.275 0.046875 0.18888888888888888
14 0.284375 0.6 0.0421875 0.25833333333333336
14 0.4953125 0.35833333333333334 0.03125 0.18888888888888888
14 0.5234375 0.3861111111111111 0.06875 0.21666666666666667
14 0.728125 0.4527777777777778 0.053125 0.23055555555555557
12 0.4953125 0.8361111111111111 0.0453125 0.2388888888888889
12 0.9015625 0.25277777777777777 0.0515625 0.18333333333333332
4 0.603125 0.48333333333333334 0.0125 0.019444444444444445
5 0.5390625 0.675 0.021875 0.041666666666666664
6 0.26875 0.43333333333333335 0.01875 0.027777777777777776
7 0.159375 0.6166666666666667 0.025 0.03333333333333333
2 0.3609375 0.28055555555555556 0.0125 0.022222222222222223
0 0.346875 0.3055555555555556 0.01875 0.030555555555555555
1 0.03125 0.8166666666666667 0.0140625 0.027777777777777776
10 0.8203125 0.3388888888888889 0.0171875 0.027777777777777776
15 0.878125 0.8388888888888889 0.046875 0.05