13 0.6890625 0.6527777777777778 0.04375 0.21944444444444444
13 0.215625 0.4722222222222222 0.0828125 0.16111111111111112
13 0.43125 0.2222222222222222 0.03125 0.1527777777777778
13 0.303125 0.5222222222222223 0.0484375 0.21388888888888888
13 0.4109375 0.5555555555555556 0.0765625 0.17777777777777778
14 0.409375 0.28055555555555556 0.0359375 0.14166666666666666
14 0.340625 0.46944444444444444 0.0484375 0.15
14 0.3921875 0.4305555555555556 0.046875 0.1361111111111111
14 0.40625 0.475 0.0359375 0.18055555555555555
14 0.540625 0.5555555555555556 0.04375 0.20833333333333334
4 0.3578125 0.6055555555555555 0.015625 0.027777777777777776
6 0.6671875 0.5416666666666666 0.0140625 0.019444444444444445
7 0.578125 0.4 0.0125 0.019444444444444445
0 0.7703125 0.7083333333333334 0.01875 0.03888888888888889
1 0.5140625 0.2972222222222222 0.0140625 0.027777777777777776
3 0.5015625 0.2722222222222222 0.015625 0.022222222222222223
11 0.1109375 0.33055555555555555 0.021875 0.027777777777777776
15 0.865625 0.8833333333333333 0.04375 0.044444444444444446
12 0.178125 0.7777777777777778 0.053125 0.225
12 0.2609375 0.22777777777777777 0.0359375 0.15833333333333333
12 0.7734375 0.5083333333333333 0.028125 0.18888888888888888