13 0.537890625 0.22361111111111112 0.02890625 0.11666666666666667
13 0.7640625 0.30972222222222223 0.046875 0.18055555555555555
13 0.8453125 0.4166666666666667 0.0296875 0.17222222222222222
13 0.83046875 0.6 0.03125 0.11944444444444445
13 0.051953125 0.5986111111111111 0.06015625 0.19444444444444445
14 0.12734375 0.4875 0.034375 0.18611111111111112
14 0.43359375 0.2701388888888889 0.0609375 0.13472222222222222
14 0.512109375 0.3527777777777778 0.04296875 0.18611111111111112
14 0.446875 0.48055555555555557 0.0390625 0.17222222222222222
14 0.64765625 0.39791666666666664 0.04375 0.16805555555555557
15 0.864453125 0.8034722222222223 0.04453125 0.0375
2 0.20496875 0.2426527777777778 0.0117265625 0.02023611111111111
6 0.1181328125 0.3607083333333333 0.011953125 0.015875
4 0.407703125 0.39355555555555555 0.009609375 0.018458333333333334
10 0.5873828125 0.2973611111111111 0.0121953125 0.01551388888888889
8 0.877734375 0.2986111111111111 0.01640625 0.027777777777777776
0 0.191796875 0.2614166666666667 0.0115 0.016875
5 0.3412890625 0.5395833333333333 0.011835937500000001 0.016875
11 0.4453984375 0.7292638888888889 0.0105859375 0.017069444444444443
7 0.013000000000000001 0.4985138888888889 0.012843750000000001 0.01925