13 0.1046875 0.43333333333333335 0.065625 0.12777777777777777
13 0.490625 0.18888888888888888 0.028125 0.11944444444444445
13 0.596875 0.19444444444444445 0.0296875 0.10555555555555556
13 0.7953125 0.5333333333333333 0.0328125 0.18611111111111112
13 0.48125 0.30277777777777776 0.0390625 0.13055555555555556
14 0.6015625 0.2722222222222222 0.034375 0.17222222222222222
14 0.15625 0.4388888888888889 0.0625 0.14166666666666666
14 0.4 0.3138888888888889 0.0328125 0.12777777777777777
14 0.490625 0.2833333333333333 0.0421875 0.1111111111111111
14 0.6671875 0.45 0.028125 0.17222222222222222
12 0.8828125 0.45555555555555555 0.034375 0.1527777777777778
12 0.3984375 0.19722222222222222 0.0265625 0.11666666666666667
12 0.0171875 0.6555555555555556 0.034375 0.20277777777777778
4 0.49375 0.49444444444444446 0.0203125 0.030555555555555555
5 0.44375 0.36666666666666664 0.015625 0.03333333333333333
6 0.778125 0.45 0.015625 0.027777777777777776
7 0.696875 0.3333333333333333 0.015625 0.030555555555555555
1 0.640625 0.24444444444444444 0.0125 0.022222222222222223
3 0.628125 0.22777777777777777 0.015625 0.027777777777777776
11 0.28125 0.26666666666666666 0.015625 0.025
9 0.021875 0.28888888888888886 0.01875 0.030555555555555555
15 0.865625 0.7972222222222223 0.0546875 0.04722222222222222