13 0.153125 0.6277777777777778 0.0578125 0.24444444444444444
13 0.684375 0.4305555555555556 0.059375 0.175
13 0.4375 0.19444444444444445 0.0453125 0.17777777777777778
13 0.253125 0.26666666666666666 0.05625 0.15555555555555556
13 0.375 0.3972222222222222 0.0546875 0.18888888888888888
14 0.45 0.2611111111111111 0.04375 0.18888888888888888
14 0.2765625 0.37222222222222223 0.059375 0.18055555555555555
14 0.3546875 0.3111111111111111 0.0703125 0.175
14 0.446875 0.40555555555555556 0.0765625 0.16944444444444445
14 0.3671875 0.4888888888888889 0.065625 0.18333333333333332
12 0.8734375 0.5277777777777778 0.046875 0.2
12 0.25 0.20277777777777778 0.0484375 0.15
15 0.865625 0.8 0.0453125 0.04722222222222222
4 0.365625 0.6166666666666667 0.0203125 0.03333333333333333
5 0.2953125 0.44166666666666665 0.021875 0.03333333333333333
6 0.7421875 0.5527777777777778 0.021875 0.041666666666666664
7 0.63125 0.3861111111111111 0.0171875 0.027777777777777776
1 0.55625 0.2722222222222222 0.015625 0.022222222222222223
3 0.540625 0.24444444444444444 0.0140625 0.025
11 0.065625 0.3111111111111111 0.0203125 0.030555555555555555