14 0.104296875 0.4340277777777778 0.06640625 0.12916666666666668
14 0.49140625 0.19027777777777777 0.028125 0.11944444444444445
14 0.596484375 0.19375 0.03046875 0.10694444444444444
14 0.795703125 0.5326388888888889 0.03359375 0.1875
14 0.48046875 0.3034722222222222 0.0390625 0.13194444444444445
13 0.601953125 0.2708333333333333 0.03515625 0.17222222222222222
13 0.15625 0.43819444444444444 0.0625 0.14305555555555555
13 0.39921875 0.3145833333333333 0.0328125 0.12916666666666668
13 0.491015625 0.2847222222222222 0.04296875 0.1111111111111111
13 0.667578125 0.44930555555555557 0.02890625 0.1736111111111111
12 0.882421875 0.45555555555555555 0.03515625 0.1527777777777778
12 0.3984375 0.19791666666666666 0.0265625 0.11805555555555555
12 0.017578125 0.6555555555555556 0.03515625 0.20277777777777778
4 0.49421875000000004 0.49540277777777775 0.007640625 0.012680555555555556
5 0.44243750000000004 0.3665416666666667 0.0074375 0.012708333333333334
6 0.7778671875 0.4534861111111111 0.00646875 0.011027777777777779
7 0.69746875 0.33240277777777777 0.006070312499999999 0.011
1 0.63978125 0.24502777777777776 0.0055625 0.009416666666666667
3 0.628453125 0.22743055555555555 0.005546875 0.00938888888888889
11 0.2872109375 0.2853611111111111 0.0065078125 0.010694444444444444
15 0.86640625 0.7972222222222223 0.0546875 0.04722222222222222
10 0.3923828125 0.6682916666666667 0.006875000000000001 0.010472222222222223
9 0.0216328125 0.2922638888888889 0.00990625 0.017361111111111112