14 0.148828125 0.31805555555555554 0.07109375 0.1388888888888889
14 0.253171875 0.47291666666666665 0.0375 0.19305555555555556
14 0.6890625 0.16180555555555556 0.053125 0.1597222222222222
14 0.964453125 0.4722222222222222 0.06171875 0.23333333333333334
14 0.835546875 0.5923611111111111 0.06796875 0.12361111111111112
13 0.191015625 0.3076388888888889 0.03671875 0.15138888888888888
13 0.29765625 0.48541666666666666 0.0609375 0.19305555555555556
13 0.586328125 0.2125 0.03828125 0.175
13 0.8019999999999999 0.34930555555555554 0.05234375 0.21805555555555556
13 0.672265625 0.47430555555555554 0.04140625 0.1986111111111111
12 0.303515625 0.7055555555555556 0.08828125 0.2111111111111111
12 0.891015625 0.19305555555555556 0.02578125 0.12222222222222222
9 0.05915625 0.2738055555555555 0.0157734375 0.028194444444444446
11 0.3802734375 0.2721388888888889 0.0082890625 0.009986111111111112
1 0.8263828125 0.22858333333333336 0.0115625 0.01911111111111111
4 0.6365703125 0.5439583333333333 0.0106015625 0.016652777777777777
5 0.5737265625 0.38049999999999995 0.011671875 0.01936111111111111
15 0.8646640624999999 0.7993333333333333 0.041507812500000005 0.036166666666666666
10 0.504859375 0.7559305555555556 0.009210937499999999 0.015486111111111112
3 0.8125312499999999 0.20783333333333331 0.0100390625 0.014208333333333333
7 0.9008828125000001 0.34454166666666663 0.008749999999999999 0.014902777777777779