13 0.1484375 0.31666666666666665 0.0703125 0.1388888888888889
13 0.253125 0.4722222222222222 0.0375 0.19166666666666668
13 0.6890625 0.16111111111111112 0.053125 0.15833333333333333
13 0.9640625 0.4722222222222222 0.0609375 0.23333333333333334
13 0.8359375 0.5916666666666667 0.0671875 0.12222222222222222
14 0.190625 0.30833333333333335 0.0359375 0.15
14 0.296875 0.4861111111111111 0.0609375 0.19166666666666668
14 0.5859375 0.2111111111111111 0.0375 0.175
14 0.803125 0.35 0.0515625 0.21666666666666667
14 0.671875 0.475 0.040625 0.19722222222222222
12 0.303125 0.7055555555555556 0.0875 0.2111111111111111
12 0.890625 0.19444444444444445 0.025 0.12222222222222222
9 0.0609375 0.26944444444444443 0.0171875 0.03333333333333333
11 0.375 0.24722222222222223 0.0140625 0.016666666666666666
3 0.8109375 0.20555555555555555 0.015625 0.022222222222222223
1 0.825 0.22777777777777777 0.0140625 0.025
4 0.6359375 0.5444444444444444 0.0203125 0.030555555555555555
5 0.5734375 0.38055555555555554 0.0171875 0.030555555555555555
7 0.9015625 0.3416666666666667 0.015625 0.025
15 0.8640625 0.8 0.040625 0.03611111111111111