13 0.8984375 0.4861111111111111 0.0296875 0.20277777777777778
13 0.146875 0.7444444444444445 0.0890625 0.2361111111111111
13 0.5703125 0.775 0.040625 0.2638888888888889
13 0.6125 0.30833333333333335 0.0421875 0.14444444444444443
13 0.625 0.4222222222222222 0.0515625 0.14444444444444443
14 0.3015625 0.575 0.0390625 0.22777777777777777
14 0.528125 0.6388888888888888 0.040625 0.2361111111111111
14 0.75625 0.4638888888888889 0.0484375 0.16944444444444445
14 0.640625 0.34444444444444444 0.0515625 0.1388888888888889
14 0.521875 0.4111111111111111 0.0421875 0.16111111111111112
4 0.584375 0.5027777777777778 0.015625 0.027777777777777776
6 0.2796875 0.4583333333333333 0.0125 0.025
7 0.178125 0.6222222222222222 0.015625 0.025
0 0.3515625 0.3416666666666667 0.0171875 0.027777777777777776
1 0.0640625 0.8083333333333333 0.0171875 0.030555555555555555
2 0.3625 0.31666666666666665 0.015625 0.027777777777777776
10 0.7828125 0.36666666666666664 0.0140625 0.025
12 0.9015625 0.3277777777777778 0.0390625 0.17222222222222222
12 0.425 0.8222222222222222 0.0625 0.2
12 0.2515625 0.3333333333333333 0.0296875 0.17222222222222222
15 0.875 0.8472222222222222 0.0453125 0.044444444444444446