13 0.5375 0.2222222222222222 0.028125 0.11666666666666667
13 0.7640625 0.3111111111111111 0.046875 0.18055555555555555
13 0.8453125 0.4166666666666667 0.0296875 0.17222222222222222
13 0.83125 0.6 0.03125 0.11944444444444445
13 0.0515625 0.6 0.059375 0.19444444444444445
14 0.128125 0.4888888888888889 0.034375 0.18611111111111112
14 0.434375 0.26944444444444443 0.0609375 0.13333333333333333
14 0.5125 0.3527777777777778 0.0421875 0.18611111111111112
14 0.446875 0.48055555555555557 0.0390625 0.17222222222222222
14 0.646875 0.3972222222222222 0.04375 0.16666666666666666
15 0.8640625 0.8027777777777778 0.04375 0.03611111111111111
2 0.20625 0.2388888888888889 0.0171875 0.025
6 0.11875 0.35833333333333334 0.01875 0.022222222222222223
4 0.40625 0.39444444444444443 0.0171875 0.025
10 0.5921875 0.275 0.0140625 0.019444444444444445
8 0.878125 0.3 0.015625 0.027777777777777776
0 0.19375 0.2638888888888889 0.015625 0.025
7 0.0140625 0.5 0.01875 0.019444444444444445
5 0.3390625 0.5388888888888889 0.0171875 0.025