13 0.7046875 0.71875 0.0671875 0.2902777777777778
13 0.625390625 0.44375 0.05234375 0.2125
13 0.6734375 0.43125 0.075 0.1986111111111111
13 0.3359375 0.18819444444444444 0.0375 0.1625
13 0.02734375 0.7215277777777778 0.0546875 0.2708333333333333
14 0.123828125 0.6777777777777778 0.06953125 0.19722222222222222
14 0.291796875 0.33055555555555555 0.04609375 0.19722222222222222
14 0.515625 0.45694444444444443 0.0578125 0.21666666666666667
14 0.57734375 0.6270833333333333 0.0609375 0.25416666666666665
14 0.65 0.4027777777777778 0.0609375 0.2
12 0.89375 0.80625 0.078125 0.28194444444444444
12 0.583984375 0.18680555555555556 0.04140625 0.1875
5 0.438640625 0.6310138888888889 0.0113671875 0.020763888888888887
6 0.16314062499999998 0.39777777777777773 0.00925 0.017041666666666667
7 0.050492187499999994 0.5810833333333333 0.013265625 0.020680555555555556
0 0.2418515625 0.26761111111111113 0.0087734375 0.014208333333333333
2 0.25675781249999996 0.23995833333333336 0.010140625 0.017472222222222222
10 0.7095 0.3172083333333333 0.0089921875 0.014583333333333334
11 0.5764843749999999 0.8820416666666667 0.00846875 0.015486111111111112