13 0.152734375 0.6270833333333333 0.05859375 0.24583333333333332
13 0.684765625 0.42986111111111114 0.06015625 0.1763888888888889
13 0.4375 0.1951388888888889 0.0453125 0.17916666666666667
13 0.25390625 0.26805555555555555 0.05625 0.15555555555555556
13 0.375 0.39652777777777776 0.0546875 0.19027777777777777
14 0.45078125 0.2611111111111111 0.04375 0.18888888888888888
14 0.276171875 0.37083333333333335 0.06015625 0.18055555555555555
14 0.354296875 0.3104166666666667 0.07109375 0.1763888888888889
14 0.447265625 0.40694444444444444 0.07734375 0.16944444444444445
14 0.3671875 0.4895833333333333 0.065625 0.18472222222222223
12 0.873828125 0.5277777777777778 0.04765625 0.2
12 0.250390625 0.20347222222222222 0.04921875 0.15138888888888888
15 0.866015625 0.8006944444444445 0.04609375 0.04861111111111111
4 0.36555468750000003 0.6146527777777778 0.0091171875 0.014083333333333335
5 0.29390625 0.44259722222222225 0.0100390625 0.014083333333333335
6 0.74453125 0.5462916666666666 0.0090546875 0.014819444444444444
7 0.634578125 0.3866805555555556 0.008843750000000001 0.01359722222222222
1 0.5564843749999999 0.27155555555555555 0.008703125 0.012805555555555556
3 0.54121875 0.2487638888888889 0.008328125 0.01336111111111111
11 0.072671875 0.3365694444444445 0.0072499999999999995 0.010583333333333333
10 0.2258828125 0.8584166666666666 0.0090703125 0.01425