14 0.689453125 0.6520833333333333 0.04453125 0.22083333333333333
14 0.215625 0.4722222222222222 0.0828125 0.16111111111111112
14 0.43046875 0.2222222222222222 0.03125 0.1527777777777778
14 0.303515625 0.5215277777777778 0.04921875 0.2152777777777778
14 0.411328125 0.5541666666666667 0.07734375 0.17777777777777778
13 0.408984375 0.28125 0.03671875 0.14305555555555555
13 0.34140625 0.46875 0.0484375 0.15138888888888888
13 0.3921875 0.43125 0.046875 0.1375
13 0.40703125 0.475 0.0359375 0.18055555555555555
13 0.541015625 0.5548611111111111 0.04453125 0.20972222222222223
4 0.3568671875 0.6103055555555555 0.006765625 0.010583333333333333
6 0.6702656250000001 0.5468888888888889 0.0084375 0.014638888888888887
7 0.579875 0.4014305555555555 0.0052421875 0.008958333333333334
0 0.7721796875 0.7111944444444444 0.008546874999999999 0.014125
1 0.5148515625 0.2948472222222222 0.0065390625 0.010625
3 0.502234375 0.2743888888888889 0.00625 0.012180555555555556
11 0.11657031250000001 0.3546111111111111 0.0063203124999999995 0.009194444444444444
15 0.86484375 0.8840277777777777 0.04375 0.04583333333333333
12 0.17734375 0.7763888888888889 0.053125 0.225
12 0.260546875 0.2263888888888889 0.03671875 0.15833333333333333
12 0.773046875 0.5076388888888889 0.02890625 0.19027777777777777
10 0.24167187499999998 0.8293194444444445 0.0063437499999999996 0.011916666666666667