13 0.133203125 0.7381944444444445 0.06328125 0.25972222222222224
13 0.83828125 0.4486111111111111 0.0578125 0.2111111111111111
13 0.665625 0.3638888888888889 0.05625 0.20555555555555555
13 0.691796875 0.22083333333333333 0.04296875 0.19444444444444445
13 0.503515625 0.3173611111111111 0.04453125 0.19027777777777777
14 0.586328125 0.27569444444444446 0.04765625 0.19027777777777777
14 0.28515625 0.5986111111111111 0.0421875 0.25833333333333336
14 0.494921875 0.3576388888888889 0.03203125 0.19027777777777777
14 0.5234375 0.38680555555555557 0.06875 0.21805555555555556
14 0.728515625 0.45208333333333334 0.05390625 0.23194444444444445
12 0.494921875 0.8361111111111111 0.04609375 0.2388888888888889
12 0.9015625 0.2534722222222222 0.0515625 0.18472222222222223
4 0.604671875 0.48577777777777775 0.009882812500000001 0.01648611111111111
5 0.5375390624999999 0.6730277777777778 0.011476562499999999 0.018291666666666668
6 0.268953125 0.4353611111111111 0.012148437500000001 0.019736111111111114
7 0.1590703125 0.6152777777777778 0.0110078125 0.019458333333333334
2 0.360640625 0.282125 0.00878125 0.01351388888888889
0 0.345703125 0.3074722222222222 0.0109140625 0.016291666666666666
1 0.031140624999999998 0.8207777777777778 0.0120546875 0.02233333333333333
10 0.812921875 0.3660972222222222 0.00940625 0.01588888888888889
15 0.878515625 0.8402777777777778 0.04765625 0.05
11 0.675109375 0.9306388888888888 0.009281250000000001 0.017166666666666667