13 0.898828125 0.48541666666666666 0.03046875 0.20416666666666666
13 0.14765625 0.74375 0.0890625 0.2375
13 0.569921875 0.775 0.04140625 0.2638888888888889
13 0.612890625 0.3090277777777778 0.04296875 0.14583333333333334
13 0.624609375 0.42083333333333334 0.05234375 0.14444444444444443
14 0.3015625 0.5743055555555555 0.0390625 0.22916666666666666
14 0.52890625 0.6388888888888888 0.040625 0.2361111111111111
14 0.755859375 0.46458333333333335 0.04921875 0.17083333333333334
14 0.640234375 0.34444444444444444 0.05234375 0.1388888888888889
14 0.521484375 0.4125 0.04296875 0.16111111111111112
4 0.5856484375 0.5034722222222222 0.0107265625 0.018722222222222223
6 0.278140625 0.45884722222222224 0.009804687500000001 0.01675
7 0.1776875 0.6235138888888889 0.0101171875 0.01623611111111111
0 0.349609375 0.3416666666666667 0.0093515625 0.015250000000000001
1 0.062320312499999996 0.8103194444444444 0.013710937500000001 0.02318055555555556
2 0.3620078125 0.3182361111111111 0.0087734375 0.014208333333333333
10 0.77478125 0.3953888888888889 0.0081875 0.014902777777777779
12 0.901171875 0.3277777777777778 0.03984375 0.17222222222222222
12 0.42578125 0.8215277777777777 0.0625 0.2013888888888889
12 0.251953125 0.3333333333333333 0.03046875 0.17222222222222222
15 0.87421875 0.8465277777777778 0.0453125 0.04583333333333333
11 0.65015625 0.9111388888888888 0.008375 0.014722222222222222