14 0.656640625 0.5965277777777778 0.05234375 0.24861111111111112
14 0.159765625 0.6222222222222222 0.05859375 0.23333333333333334
14 0.383203125 0.28194444444444444 0.03515625 0.18611111111111112
14 0.41171875 0.38472222222222224 0.05625 0.2111111111111111
13 0.125390625 0.4701388888888889 0.04921875 0.18472222222222223
13 0.430078125 0.4263888888888889 0.05546875 0.20555555555555555
13 0.483984375 0.41805555555555557 0.05234375 0.20555555555555555
13 0.608203125 0.5555555555555556 0.08984375 0.20833333333333334
13 0.402734375 0.5659722222222222 0.05078125 0.1986111111111111
15 0.866015625 0.8833333333333333 0.04453125 0.03888888888888889
12 0.1875 0.2881944444444444 0.040625 0.18472222222222223
12 0.837890625 0.64375 0.04921875 0.18472222222222223
4 0.321734375 0.7443194444444444 0.0163515625 0.025305555555555553
5 0.248546875 0.5551805555555556 0.0140078125 0.023763888888888886
7 0.5915078125 0.4941111111111111 0.0151484375 0.025666666666666667
3 0.4978828125 0.3375416666666667 0.0145234375 0.024916666666666667
1 0.51353125 0.36544444444444446 0.0134609375 0.021569444444444443
11 0.0244765625 0.4379027777777778 0.011375 0.018208333333333333
6 0.7013359375 0.6708333333333333 0.01221875 0.021402777777777778