13 0.166015625 0.6743055555555556 0.06171875 0.2652777777777778
13 0.4234375 0.5361111111111111 0.084375 0.2611111111111111
13 0.6046875 0.17430555555555555 0.0421875 0.2013888888888889
13 0.61171875 0.6131944444444445 0.0875 0.20416666666666666
13 0.829296875 0.4638888888888889 0.04453125 0.24444444444444444
14 0.275 0.6284722222222222 0.0734375 0.23194444444444445
14 0.35703125 0.45208333333333334 0.0609375 0.24861111111111112
14 0.559765625 0.24583333333333332 0.03828125 0.21388888888888888
14 0.6 0.5152777777777777 0.0734375 0.17222222222222222
14 0.721875 0.46111111111111114 0.05625 0.21666666666666667
12 0.663671875 0.16944444444444445 0.04296875 0.19166666666666668
12 0.037109375 0.4888888888888889 0.05078125 0.2388888888888889
15 0.86640625 0.8854166666666666 0.0453125 0.04027777777777778
6 0.256640625 0.3645833333333333 0.01484375 0.018055555555555554
7 0.12890625 0.5402777777777777 0.01875 0.019444444444444445
2 0.361328125 0.2076388888888889 0.01484375 0.018055555555555554
0 0.345703125 0.23194444444444445 0.01484375 0.011111111111111112
10 0.8176015624999999 0.30441666666666667 0.011765625 0.017791666666666667
4 0.59428125 0.41988888888888887 0.0122421875 0.015222222222222224
11 0.6308046875 0.8704722222222222 0.010906250000000001 0.01672222222222222
5 0.510796875 0.6103055555555555 0.011609375 0.018277777777777778