13 0.91015625 0.4395833333333333 0.04375 0.24027777777777778
13 0.590625 0.7326388888888888 0.078125 0.24583333333333332
13 0.639453125 0.34652777777777777 0.06640625 0.22361111111111112
13 0.5640625 0.18680555555555556 0.0671875 0.17916666666666667
13 0.32734375 0.5298611111111111 0.0625 0.2125
14 0.483984375 0.4222222222222222 0.07578125 0.2111111111111111
14 0.433203125 0.31180555555555556 0.04453125 0.19305555555555556
14 0.381640625 0.5465277777777777 0.06796875 0.21805555555555556
14 0.466796875 0.6583333333333333 0.08359375 0.18055555555555555
14 0.696875 0.4652777777777778 0.0703125 0.22777777777777777
12 0.939453125 0.2625 0.03203125 0.18888888888888888
12 0.241796875 0.30069444444444443 0.04140625 0.19305555555555556
12 0.3578125 0.7645833333333333 0.05 0.2375
15 0.866015625 0.8861111111111111 0.04296875 0.03888888888888889
4 0.5960156249999999 0.43738888888888894 0.007875 0.013861111111111112
5 0.5173046875 0.6167777777777778 0.0089296875 0.014722222222222222
6 0.27265625 0.3809444444444444 0.00846875 0.012847222222222222
7 0.15617187500000002 0.5493333333333333 0.0082578125 0.013625
0 0.3556328125 0.25969444444444445 0.0063125 0.010791666666666666
2 0.3725 0.23509722222222224 0.007453125 0.01411111111111111
10 0.8091171875000001 0.3266527777777778 0.00728125 0.012333333333333335
11 0.631453125 0.8647083333333334 0.0105546875 0.017652777777777778
1 0.021390625 0.7370416666666666 0.008687499999999999 0.013777777777777778