13 0.65625 0.5972222222222222 0.0515625 0.24722222222222223
13 0.159375 0.6222222222222222 0.0578125 0.23333333333333334
13 0.3828125 0.2833333333333333 0.034375 0.18611111111111112
13 0.4125 0.38333333333333336 0.05625 0.2111111111111111
14 0.125 0.46944444444444444 0.0484375 0.18333333333333332
14 0.4296875 0.42777777777777776 0.0546875 0.20555555555555555
14 0.484375 0.4166666666666667 0.0515625 0.20555555555555555
14 0.6078125 0.5555555555555556 0.0890625 0.20833333333333334
14 0.403125 0.5666666666666667 0.05 0.19722222222222222
15 0.865625 0.8833333333333333 0.04375 0.03888888888888889
12 0.1875 0.28888888888888886 0.040625 0.18333333333333332
12 0.8375 0.6444444444444445 0.0484375 0.18333333333333332
4 0.321875 0.7444444444444445 0.021875 0.03888888888888889
5 0.25 0.5555555555555556 0.01875 0.030555555555555555
6 0.7 0.6722222222222223 0.0171875 0.03611111111111111
7 0.590625 0.4888888888888889 0.0203125 0.03333333333333333
3 0.4984375 0.33611111111111114 0.015625 0.025
1 0.5140625 0.36666666666666664 0.0140625 0.025
11 0.015625 0.4111111111111111 0.015625 0.025