13 0.909375 0.4388888888888889 0.04375 0.2388888888888889
13 0.590625 0.7333333333333333 0.078125 0.24444444444444444
13 0.6390625 0.3472222222222222 0.065625 0.2222222222222222
13 0.5640625 0.18611111111111112 0.0671875 0.17777777777777778
13 0.328125 0.5305555555555556 0.0625 0.2111111111111111
14 0.484375 0.4222222222222222 0.075 0.2111111111111111
14 0.4328125 0.3111111111111111 0.04375 0.19166666666666668
14 0.38125 0.5472222222222223 0.0671875 0.21666666666666667
14 0.4671875 0.6583333333333333 0.0828125 0.18055555555555555
14 0.696875 0.4666666666666667 0.0703125 0.22777777777777777
12 0.9390625 0.2611111111111111 0.03125 0.18888888888888888
12 0.2421875 0.3 0.040625 0.19166666666666668
12 0.3578125 0.7638888888888888 0.05 0.2361111111111111
15 0.865625 0.8861111111111111 0.0421875 0.03888888888888889
4 0.596875 0.4388888888888889 0.0140625 0.022222222222222223
5 0.515625 0.6166666666666667 0.0171875 0.027777777777777776
6 0.271875 0.38333333333333336 0.015625 0.022222222222222223
7 0.15625 0.55 0.0140625 0.025
0 0.3578125 0.25833333333333336 0.0125 0.019444444444444445
1 0.021875 0.7333333333333333 0.015625 0.027777777777777776
2 0.3734375 0.23055555555555557 0.01875 0.027777777777777776
10 0.81875 0.2972222222222222 0.0140625 0.025
11 0.6140625 0.9194444444444444 0.01875 0.03611111111111111