13 0.165625 0.675 0.0609375 0.2638888888888889
13 0.4234375 0.5361111111111111 0.084375 0.2611111111111111
13 0.6046875 0.175 0.0421875 0.2
13 0.6125 0.6138888888888889 0.0875 0.20277777777777778
13 0.8296875 0.4638888888888889 0.04375 0.24444444444444444
14 0.275 0.6277777777777778 0.0734375 0.23055555555555557
14 0.35625 0.4527777777777778 0.0609375 0.24722222222222223
14 0.559375 0.24444444444444444 0.0375 0.21388888888888888
14 0.6 0.5166666666666667 0.0734375 0.17222222222222222
14 0.721875 0.46111111111111114 0.05625 0.21666666666666667
12 0.6640625 0.16944444444444445 0.0421875 0.19166666666666668
12 0.0375 0.4888888888888889 0.05 0.2388888888888889
15 0.865625 0.8861111111111111 0.0453125 0.03888888888888889
6 0.25625 0.3638888888888889 0.0140625 0.016666666666666666
7 0.128125 0.5388888888888889 0.01875 0.019444444444444445
2 0.3609375 0.20833333333333334 0.0140625 0.016666666666666666
0 0.3453125 0.23333333333333334 0.0140625 0.011111111111111112
10 0.8296875 0.2777777777777778 0.0171875 0.019444444444444445
5 0.509375 0.6083333333333333 0.0171875 0.022222222222222223
4 0.5953125 0.41944444444444445 0.01875 0.022222222222222223