13 0.809375 0.7402777777777778 0.0625 0.2611111111111111
13 0.128125 0.6722222222222223 0.078125 0.2611111111111111
13 0.365625 0.7666666666666667 0.0609375 0.23333333333333334
13 0.3265625 0.3034722222222222 0.034375 0.23194444444444445
13 0.438671875 0.33819444444444446 0.08203125 0.19305555555555556
14 0.674609375 0.5506944444444445 0.04921875 0.25416666666666665
14 0.406640625 0.6291666666666667 0.04296875 0.24166666666666667
14 0.311328125 0.4638888888888889 0.10078125 0.19166666666666668
14 0.514453125 0.4395833333333333 0.06796875 0.23472222222222222
14 0.3296875 0.3229166666666667 0.05 0.1763888888888889
12 0.671484375 0.2701388888888889 0.03984375 0.17916666666666667
12 0.56171875 0.8041666666666667 0.0609375 0.16111111111111112
12 0.0734375 0.27569444444444446 0.04375 0.18472222222222223
11 0.1070546875 0.3891388888888889 0.0097578125 0.014902777777777779
4 0.424390625 0.6900972222222223 0.0096796875 0.014972222222222222
6 0.8039999999999999 0.6085138888888889 0.012648437500000002 0.01901388888888889
7 0.680546875 0.43195833333333333 0.01028125 0.01588888888888889
1 0.5928671875 0.3059027777777778 0.008703125 0.013819444444444443
0 0.9448281250000001 0.8059027777777777 0.012234375 0.019375
3 0.5752890625 0.28075 0.0083359375 0.014847222222222222
15 0.6734375 0.9076388888888889 0.065625 0.05694444444444444
10 0.3020078125 0.9657083333333333 0.0108984375 0.017277777777777777