13 0.712890625 0.4708333333333333 0.04765625 0.19722222222222222
13 0.145703125 0.3951388888888889 0.05859375 0.19583333333333333
13 0.380078125 0.3159722222222222 0.05390625 0.18472222222222223
13 0.38984375 0.6465277777777778 0.0734375 0.23194444444444445
13 0.789453125 0.8222222222222222 0.09140625 0.23333333333333334
14 0.696875 0.6819444444444445 0.05625 0.25833333333333336
14 0.28359375 0.4465277777777778 0.05625 0.2013888888888889
14 0.508984375 0.4083333333333333 0.08046875 0.21666666666666667
14 0.597265625 0.5118055555555555 0.06640625 0.24861111111111112
14 0.446875 0.6243055555555556 0.0453125 0.22361111111111112
15 0.87890625 0.85 0.0421875 0.041666666666666664
12 0.458984375 0.8958333333333334 0.06015625 0.20833333333333334
12 0.11171875 0.3173611111111111 0.0390625 0.2013888888888889
12 0.726953125 0.3347222222222222 0.03828125 0.175
4 0.459390625 0.7318333333333332 0.0081015625 0.016319444444444445
5 0.387796875 0.538875 0.010640624999999999 0.015472222222222222
6 0.8458984375 0.6680138888888889 0.0108984375 0.016
7 0.7309921875 0.48400000000000004 0.008953125000000001 0.015722222222222224
3 0.63546875 0.32863888888888887 0.006164062499999999 0.011416666666666667
0 0.9799843750000001 0.8782083333333333 0.010609375 0.016374999999999997
11 0.17277343750000002 0.4211527777777778 0.0090859375 0.015611111111111112
1 0.651234375 0.35447222222222224 0.008749999999999999 0.014472222222222221