13 0.107421875 0.42430555555555555 0.06015625 0.20972222222222223
13 0.18203125 0.6291666666666667 0.0515625 0.25555555555555554
13 0.50625 0.2972222222222222 0.03125 0.20555555555555555
13 0.582421875 0.4388888888888889 0.05234375 0.19444444444444445
13 0.60703125 0.7451388888888889 0.040625 0.2263888888888889
14 0.623828125 0.5743055555555555 0.05078125 0.24583333333333332
14 0.517578125 0.4777777777777778 0.06171875 0.15833333333333333
14 0.314453125 0.6083333333333333 0.05234375 0.2388888888888889
14 0.20625 0.41041666666666665 0.05625 0.20416666666666666
14 0.520703125 0.32569444444444445 0.04140625 0.19305555555555556
12 0.691015625 0.2652777777777778 0.03203125 0.18055555555555555
12 0.541015625 0.7784722222222222 0.04921875 0.2152777777777778
15 0.67578125 0.9118055555555555 0.08125 0.0375
11 0.10546875 0.32430555555555557 0.01875 0.02638888888888889
3 0.57109375 0.25 0.0109375 0.019444444444444445
0 0.924609375 0.7604166666666666 0.02421875 0.029166666666666667
7 0.673046875 0.3972222222222222 0.01796875 0.022222222222222223
6 0.7921875 0.5659722222222222 0.0140625 0.020833333333333332
5 0.34092968749999997 0.4664027777777778 0.012867187499999998 0.020569444444444446
4 0.42289843749999995 0.65 0.0115234375 0.01901388888888889
1 0.586109375 0.2755694444444444 0.0122578125 0.017791666666666667