13 0.096875 0.45555555555555555 0.05625 0.17777777777777778
13 0.3984375 0.5583333333333333 0.0515625 0.19722222222222222
13 0.390625 0.35555555555555557 0.0484375 0.18888888888888888
14 0.5609375 0.6472222222222223 0.04375 0.2361111111111111
13 0.59375 0.675 0.05625 0.2361111111111111
14 0.5765625 0.7166666666666667 0.05625 0.23055555555555557
13 0.740625 0.8333333333333334 0.0765625 0.3333333333333333
14 0.5015625 0.4388888888888889 0.0484375 0.18333333333333332
14 0.275 0.475 0.0796875 0.16666666666666666
4 0.4 0.8138888888888889 0.01875 0.03888888888888889
5 0.3140625 0.625 0.01875 0.03611111111111111
6 0.7828125 0.725 0.0171875 0.027777777777777776
7 0.6578125 0.5527777777777778 0.01875 0.027777777777777776
0 0.925 0.9305555555555556 0.0234375 0.03611111111111111
1 0.56875 0.42777777777777776 0.021875 0.022222222222222223
3 0.5515625 0.4027777777777778 0.015625 0.022222222222222223
11 0.0671875 0.4861111111111111 0.01875 0.022222222222222223
12 0.6734375 0.40555555555555556 0.034375 0.175
12 0.5453125 0.9333333333333333 0.059375 0.13055555555555556
15 0.6703125 0.9111111111111111 0.0609375 0.05277777777777778