13 0.809375 0.7388888888888889 0.0625 0.2611111111111111
13 0.128125 0.6722222222222223 0.078125 0.2611111111111111
13 0.365625 0.7666666666666667 0.0609375 0.23333333333333334
13 0.3265625 0.30277777777777776 0.034375 0.23055555555555557
13 0.4390625 0.3388888888888889 0.08125 0.19166666666666668
14 0.675 0.55 0.0484375 0.25277777777777777
14 0.40625 0.6277777777777778 0.0421875 0.24166666666666667
14 0.3109375 0.4638888888888889 0.1 0.19166666666666668
14 0.5140625 0.4388888888888889 0.0671875 0.23333333333333334
14 0.3296875 0.32222222222222224 0.05 0.175
12 0.671875 0.26944444444444443 0.0390625 0.17777777777777778
12 0.5625 0.8055555555555556 0.0609375 0.16111111111111112
12 0.0734375 0.275 0.04375 0.18333333333333332
9 0.0984375 0.35833333333333334 0.0125 0.025
4 0.4265625 0.6888888888888889 0.0203125 0.025
6 0.8046875 0.6083333333333333 0.01875 0.030555555555555555
7 0.6828125 0.4305555555555556 0.0203125 0.027777777777777776
1 0.59375 0.3055555555555556 0.021875 0.025
0 0.94375 0.8055555555555556 0.0234375 0.027777777777777776
3 0.5765625 0.2777777777777778 0.0171875 0.027777777777777776
15 0.6734375 0.9083333333333333 0.065625 0.05555555555555555