14 0.09609375 0.45555555555555555 0.05625 0.17777777777777778
14 0.398046875 0.5576388888888889 0.05234375 0.1986111111111111
14 0.390234375 0.3541666666666667 0.04921875 0.18888888888888888
13 0.561328125 0.6465277777777778 0.04453125 0.2375
14 0.59453125 0.6743055555555556 0.05625 0.2375
13 0.576953125 0.7159722222222222 0.05703125 0.23194444444444445
14 0.740234375 0.8326388888888889 0.07734375 0.3347222222222222
13 0.5015625 0.44027777777777777 0.0484375 0.18333333333333332
13 0.27578125 0.4756944444444444 0.0796875 0.16805555555555557
4 0.39975 0.8150833333333334 0.01065625 0.01651388888888889
5 0.3131171875 0.6252638888888888 0.0085390625 0.015625
6 0.78271875 0.730125 0.0098125 0.01633333333333333
7 0.6583046875 0.5532222222222222 0.0086171875 0.013319444444444445
0 0.9264531249999999 0.9328333333333333 0.0108046875 0.017083333333333336
1 0.56959375 0.42701388888888886 0.008109375 0.012208333333333331
3 0.5520390625 0.40147222222222223 0.0089375 0.014555555555555556
11 0.077578125 0.5153194444444444 0.008390625 0.013208333333333332
12 0.673828125 0.40581944444444445 0.0358046875 0.17505555555555558
12 0.54484375 0.9340277777777778 0.05940625000000001 0.13194444444444445
15 0.6705703125 0.9114583333333334 0.0618515625 0.05497222222222222
13 0.42642187500000006 0.5202777777777778 0.05753125 0.19594444444444445
2 0.9640625 0.9863333333333333 0.012390624999999999 0.022819444444444444