13 0.7125 0.4722222222222222 0.046875 0.19722222222222222
13 0.1453125 0.39444444444444443 0.0578125 0.19444444444444445
13 0.3796875 0.31666666666666665 0.053125 0.18333333333333332
13 0.390625 0.6472222222222223 0.0734375 0.23055555555555557
13 0.7890625 0.8222222222222222 0.090625 0.23333333333333334
14 0.696875 0.6833333333333333 0.05625 0.25833333333333336
14 0.284375 0.44722222222222224 0.05625 0.2
14 0.509375 0.4083333333333333 0.0796875 0.21666666666666667
14 0.596875 0.5111111111111111 0.065625 0.24722222222222223
14 0.446875 0.625 0.0453125 0.2222222222222222
15 0.878125 0.85 0.0421875 0.041666666666666664
12 0.459375 0.8944444444444445 0.059375 0.20833333333333334
12 0.1125 0.31666666666666665 0.0390625 0.2
12 0.7265625 0.3333333333333333 0.0375 0.175
4 0.4625 0.7305555555555555 0.015625 0.027777777777777776
5 0.3875 0.5361111111111111 0.0203125 0.027777777777777776
6 0.84375 0.6694444444444444 0.0234375 0.027777777777777776
7 0.7328125 0.48333333333333334 0.01875 0.044444444444444446
1 0.6515625 0.35555555555555557 0.021875 0.03333333333333333
3 0.634375 0.3277777777777778 0.021875 0.03333333333333333
0 0.978125 0.8722222222222222 0.0203125 0.03888888888888889
11 0.165625 0.39166666666666666 0.0171875 0.027777777777777776