13 0.1078125 0.425 0.059375 0.20833333333333334
13 0.18125 0.6277777777777778 0.0515625 0.25555555555555554
13 0.50625 0.2972222222222222 0.03125 0.20555555555555555
13 0.5828125 0.4388888888888889 0.0515625 0.19444444444444445
13 0.60625 0.7444444444444445 0.040625 0.225
14 0.6234375 0.575 0.05 0.24444444444444444
14 0.5171875 0.4777777777777778 0.0609375 0.15833333333333333
14 0.3140625 0.6083333333333333 0.0515625 0.2388888888888889
14 0.20625 0.4111111111111111 0.05625 0.20277777777777778
14 0.5203125 0.325 0.040625 0.19166666666666668
12 0.690625 0.26666666666666666 0.03125 0.18055555555555555
12 0.540625 0.7777777777777778 0.0484375 0.21388888888888888
15 0.675 0.9111111111111111 0.08125 0.03611111111111111
11 0.10625 0.325 0.01875 0.025
3 0.571875 0.25 0.0109375 0.019444444444444445
1 0.5875 0.2777777777777778 0.01875 0.019444444444444445
0 0.925 0.7611111111111111 0.0234375 0.027777777777777776
7 0.6734375 0.3972222222222222 0.0171875 0.022222222222222223
6 0.7921875 0.5666666666666667 0.0140625 0.019444444444444445
5 0.340625 0.4666666666666667 0.0171875 0.022222222222222223
4 0.4234375 0.65 0.021875 0.030555555555555555