13 0.1765625 0.4027777777777778 0.0546875 0.20277777777777778
13 0.496875 0.24722222222222223 0.053125 0.17777777777777778
13 0.35625 0.3333333333333333 0.078125 0.18611111111111112
13 0.6109375 0.8111111111111111 0.10625 0.30833333333333335
13 0.878125 0.6972222222222222 0.0515625 0.25833333333333336
14 0.4765625 0.33055555555555555 0.0515625 0.21944444444444444
14 0.2921875 0.4722222222222222 0.078125 0.225
14 0.5 0.6111111111111112 0.05 0.25
14 0.359375 0.3611111111111111 0.053125 0.21666666666666667
14 0.7375 0.5805555555555556 0.065625 0.24444444444444444
15 0.8796875 0.8472222222222222 0.0453125 0.03611111111111111
12 0.534375 0.8694444444444445 0.053125 0.25
12 0.0265625 0.29444444444444445 0.0328125 0.20833333333333334
12 0.68125 0.2777777777777778 0.040625 0.1638888888888889
11 0.103125 0.375 0.0140625 0.027777777777777776
4 0.41875 0.7388888888888889 0.021875 0.03333333333333333
5 0.34375 0.5333333333333333 0.021875 0.025
6 0.8265625 0.6638888888888889 0.01875 0.03333333333333333
7 0.7078125 0.4722222222222222 0.01875 0.03611111111111111
1 0.6234375 0.3388888888888889 0.0171875 0.030555555555555555
0 0.96875 0.8805555555555555 0.021875 0.03333333333333333
3 0.60625 0.3055555555555556 0.0203125 0.022222222222222223