14 0.176953125 0.40208333333333335 0.05546875 0.20416666666666666
14 0.49609375 0.24722222222222223 0.053125 0.17777777777777778
14 0.35546875 0.33194444444444443 0.078125 0.18611111111111112
14 0.610546875 0.8104166666666667 0.10703125 0.30972222222222223
14 0.878125 0.6965277777777777 0.0515625 0.25972222222222224
13 0.4765625 0.33125 0.0515625 0.22083333333333333
13 0.291796875 0.4708333333333333 0.07890625 0.225
13 0.500390625 0.6118055555555556 0.05078125 0.2513888888888889
13 0.359765625 0.3625 0.05390625 0.21666666666666667
13 0.73828125 0.58125 0.065625 0.24583333333333332
15 0.879296875 0.8465277777777778 0.04609375 0.0375
12 0.53515625 0.8694444444444445 0.053125 0.25
12 0.0265625 0.29375 0.0328125 0.20972222222222223
12 0.68125 0.2777777777777778 0.040625 0.1638888888888889
11 0.111578125 0.4065555555555556 0.0083359375 0.014347222222222223
5 0.343359375 0.5313472222222222 0.010499999999999999 0.01686111111111111
6 0.8280390625 0.6629027777777778 0.009664062499999999 0.01627777777777778
7 0.708171875 0.4701388888888889 0.00865625 0.01647222222222222
1 0.623046875 0.3328888888888889 0.008265625 0.01359722222222222
0 0.9693046875 0.8836666666666667 0.009273437499999999 0.016319444444444445
3 0.6065546875 0.30530555555555555 0.007539062500000001 0.013791666666666666
4 0.41996093749999996 0.7357222222222223 0.010132812500000001 0.014486111111111111