13 0.5390625 0.48055555555555557 0.0421875 0.18333333333333332
13 0.653125 0.6944444444444444 0.0859375 0.2972222222222222
13 0.2375 0.4666666666666667 0.06875 0.2611111111111111
13 0.190625 0.85 0.0703125 0.2972222222222222
14 0.28125 0.7638888888888888 0.1109375 0.29444444444444445
14 0.3546875 0.5222222222222223 0.0671875 0.28888888888888886
14 0.4015625 0.4027777777777778 0.05 0.25
14 0.5046875 0.4666666666666667 0.059375 0.23333333333333334
14 0.5359375 0.5333333333333333 0.0625 0.19166666666666668
12 0.4015625 0.8972222222222223 0.059375 0.19722222222222222
12 0.60625 0.31666666666666665 0.0484375 0.21666666666666667
15 0.8640625 0.8861111111111111 0.0515625 0.044444444444444446
5 0.19375 0.5472222222222223 0.015625 0.030555555555555555
6 0.6984375 0.6611111111111111 0.021875 0.03611111111111111
7 0.5765625 0.4722222222222222 0.021875 0.03611111111111111
1 0.4859375 0.3277777777777778 0.0203125 0.030555555555555555
3 0.46875 0.29444444444444445 0.015625 0.025
2 0.8796875 0.9444444444444444 0.0234375 0.03611111111111111