13 0.175 0.6611111111111111 0.05 0.22777777777777777
13 0.4953125 0.6555555555555556 0.065625 0.20833333333333334
13 0.790625 0.49444444444444446 0.0421875 0.20277777777777778
13 0.7125 0.32222222222222224 0.0375 0.175
13 0.425 0.23333333333333334 0.0359375 0.14722222222222223
14 0.384375 0.3277777777777778 0.040625 0.1638888888888889
14 0.278125 0.5222222222222223 0.0625 0.21666666666666667
14 0.4171875 0.6166666666666667 0.06875 0.2
14 0.575 0.3611111111111111 0.0546875 0.17222222222222222
14 0.60625 0.4888888888888889 0.053125 0.17777777777777778
12 0.903125 0.2833333333333333 0.0328125 0.15833333333333333
12 0.1875 0.4027777777777778 0.0421875 0.18888888888888888
12 0.478125 0.75 0.0609375 0.2111111111111111
10 0.7625 0.33055555555555555 0.0140625 0.025
2 0.3671875 0.275 0.0125 0.022222222222222223
0 0.35625 0.3 0.0140625 0.022222222222222223
4 0.56875 0.45555555555555555 0.01875 0.025
6 0.28125 0.40555555555555556 0.01875 0.025
7 0.1765625 0.5583333333333333 0.01875 0.027777777777777776
1 0.0609375 0.7305555555555555 0.01875 0.030555555555555555
3 0.0296875 0.7722222222222223 0.025 0.044444444444444446