13 0.174609375 0.6597222222222222 0.05078125 0.22777777777777777
13 0.495703125 0.6541666666666667 0.06640625 0.20833333333333334
13 0.78984375 0.49375 0.0421875 0.20416666666666666
13 0.712109375 0.32083333333333336 0.03828125 0.175
13 0.42578125 0.2326388888888889 0.0359375 0.1486111111111111
14 0.38359375 0.3277777777777778 0.040625 0.1638888888888889
14 0.277734375 0.5222222222222223 0.06328125 0.21666666666666667
14 0.4171875 0.6152777777777778 0.06875 0.2
14 0.57578125 0.3625 0.0546875 0.17222222222222222
14 0.606640625 0.48819444444444443 0.05390625 0.17916666666666667
12 0.90234375 0.2826388888888889 0.0328125 0.1597222222222222
12 0.187890625 0.40208333333333335 0.04296875 0.19027777777777777
12 0.478515625 0.7513888888888889 0.06171875 0.2111111111111111
10 0.7538046875 0.3541388888888889 0.005375 0.009277777777777777
8 0.3677734375 0.27791666666666665 0.0063515625000000004 0.01161111111111111
0 0.35409375 0.29915277777777777 0.0074687500000000006 0.01213888888888889
4 0.56821875 0.45288888888888884 0.0079609375 0.011111111111111112
6 0.281109375 0.40734722222222225 0.0079609375 0.013055555555555556
7 0.1790078125 0.5594305555555555 0.006984374999999999 0.011694444444444445
1 0.062117187500000004 0.7294722222222223 0.0083828125 0.013013888888888887
3 0.030421874999999998 0.7757222222222222 0.0093046875 0.015611111111111112
11 0.6040703125 0.8316944444444445 0.0076796875 0.013041666666666667