13 0.539453125 0.4798611111111111 0.04296875 0.18472222222222223
13 0.652734375 0.6944444444444444 0.08671875 0.2972222222222222
13 0.237890625 0.4666666666666667 0.06953125 0.2611111111111111
13 0.19140625 0.8506944444444444 0.0703125 0.2986111111111111
14 0.281640625 0.7631944444444444 0.11171875 0.29583333333333334
14 0.354296875 0.5222222222222223 0.06796875 0.28888888888888886
14 0.4015625 0.40208333333333335 0.05 0.2513888888888889
14 0.5046875 0.4652777777777778 0.059375 0.23333333333333334
14 0.536328125 0.5326388888888889 0.06328125 0.19305555555555556
12 0.4015625 0.8979166666666667 0.059375 0.1986111111111111
12 0.60625 0.3159722222222222 0.0484375 0.21805555555555556
15 0.864453125 0.8854166666666666 0.05234375 0.04583333333333333
5 0.1919765625 0.5474722222222222 0.008687499999999999 0.015208333333333332
7 0.5765781249999999 0.4703888888888889 0.0090390625 0.014097222222222223
1 0.4868046875 0.32872222222222225 0.009664062499999999 0.013819444444444443
3 0.469515625 0.3004583333333333 0.008234374999999999 0.011347222222222222
2 0.8796875 0.9430555555555555 0.0234375 0.03611111111111111
6 0.7005625 0.6658055555555555 0.009281250000000001 0.017166666666666667