13 0.1828125 0.44305555555555554 0.075 0.22777777777777777
13 0.303125 0.29583333333333334 0.0921875 0.20555555555555555
13 0.273046875 0.4548611111111111 0.08203125 0.19583333333333333
13 0.44375 0.5993055555555555 0.078125 0.2569444444444444
13 0.377734375 0.8020833333333334 0.07890625 0.2708333333333333
14 0.612109375 0.4444444444444444 0.06640625 0.22777777777777777
14 0.271484375 0.5555555555555556 0.09765625 0.2611111111111111
14 0.818359375 0.37777777777777777 0.06171875 0.2388888888888889
14 0.52734375 0.7930555555555555 0.1046875 0.26666666666666666
12 0.428125 0.8847222222222222 0.0859375 0.22777777777777777
12 0.132421875 0.28055555555555556 0.08359375 0.20277777777777778
15 0.8625 0.88125 0.04375 0.043055555555555555
10 0.5796875 0.33319444444444446 0.0112421875 0.01711111111111111
4 0.3471328125 0.47029166666666666 0.0119140625 0.021958333333333333
4 0.26015625 0.6763888888888889 0.021875 0.030555555555555555
2 0.07609375 0.24818055555555554 0.008671874999999999 0.01351388888888889
0 0.057476562499999995 0.276875 0.0091640625 0.014222222222222223
11 0.39468749999999997 0.9497916666666667 0.0096875 0.016055555555555556
8 0.9544140625 0.3358055555555556 0.0119765625 0.018930555555555558