13 0.852734375 0.32569444444444445 0.04296875 0.1597222222222222
13 0.299609375 0.37222222222222223 0.03203125 0.19722222222222222
13 0.159375 0.6888888888888889 0.034375 0.21666666666666667
13 0.619921875 0.45208333333333334 0.04453125 0.10972222222222222
13 0.626953125 0.6076388888888888 0.03203125 0.23194444444444445
14 0.575390625 0.4131944444444444 0.03671875 0.1875
14 0.598828125 0.5652777777777778 0.04765625 0.19444444444444445
14 0.370703125 0.40625 0.03671875 0.18472222222222223
14 0.27421875 0.5388888888888889 0.0328125 0.20833333333333334
14 0.766015625 0.35138888888888886 0.03984375 0.15555555555555556
12 0.910546875 0.2791666666666667 0.03828125 0.1527777777777778
12 0.26875 0.28888888888888886 0.0359375 0.12222222222222222
12 0.375 0.7534722222222222 0.05625 0.22916666666666666
3 0.0171328125 0.7924027777777778 0.0121171875 0.0205
2 0.36389062499999997 0.2905833333333333 0.0109609375 0.018916666666666665
6 0.27424218749999996 0.42093055555555553 0.0087734375 0.014569444444444444
7 0.170734375 0.5738611111111112 0.0095625 0.015486111111111112
5 0.49488281250000005 0.6314027777777778 0.0108515625 0.017638888888888888
0 0.349359375 0.3127361111111111 0.0105390625 0.017180555555555553
1 0.0512109375 0.7450833333333334 0.0111171875 0.0185
15 0.867578125 0.8840277777777777 0.05234375 0.034722222222222224
11 0.5998281249999999 0.8530833333333334 0.0075625 0.01213888888888889