13 0.853125 0.325 0.0421875 0.15833333333333333
13 0.3 0.37222222222222223 0.03125 0.19722222222222222
13 0.159375 0.6888888888888889 0.034375 0.21666666666666667
13 0.6203125 0.4527777777777778 0.04375 0.10833333333333334
13 0.6265625 0.6083333333333333 0.03125 0.23055555555555557
14 0.575 0.41388888888888886 0.0359375 0.18611111111111112
14 0.5984375 0.5666666666666667 0.046875 0.19444444444444445
14 0.3703125 0.40555555555555556 0.0359375 0.18333333333333332
14 0.275 0.5388888888888889 0.0328125 0.20833333333333334
14 0.765625 0.35 0.0390625 0.15555555555555556
12 0.9109375 0.2777777777777778 0.0375 0.1527777777777778
12 0.26875 0.28888888888888886 0.0359375 0.12222222222222222
12 0.375 0.7527777777777778 0.05625 0.22777777777777777
3 0.0171875 0.7916666666666666 0.0125 0.025
2 0.3640625 0.28888888888888886 0.0140625 0.022222222222222223
6 0.275 0.4222222222222222 0.0109375 0.019444444444444445
7 0.1703125 0.575 0.0140625 0.013888888888888888
5 0.49375 0.6305555555555555 0.015625 0.022222222222222223
0 0.3484375 0.3111111111111111 0.0171875 0.022222222222222223
1 0.0546875 0.7444444444444445 0.015625 0.019444444444444445
11 0.5859375 0.9027777777777778 0.015625 0.022222222222222223
15 0.8671875 0.8833333333333333 0.0515625 0.03333333333333333