14 0.748828125 0.2923611111111111 0.04609375 0.1736111111111111
14 0.65546875 0.6395833333333333 0.05 0.22916666666666666
14 0.62265625 0.5951388888888889 0.0671875 0.18194444444444444
14 0.52734375 0.44166666666666665 0.053125 0.225
14 0.490234375 0.18055555555555555 0.04140625 0.16944444444444445
13 0.437890625 0.25277777777777777 0.03359375 0.18055555555555555
13 0.443359375 0.5777777777777777 0.05390625 0.2222222222222222
13 0.518359375 0.3402777777777778 0.06640625 0.20277777777777778
13 0.5828125 0.4479166666666667 0.0640625 0.20694444444444443
13 0.6078125 0.5479166666666667 0.0453125 0.1736111111111111
12 0.685546875 0.7548611111111111 0.06015625 0.24861111111111112
12 0.06640625 0.5166666666666667 0.053125 0.21388888888888888
12 0.655859375 0.1986111111111111 0.03203125 0.15555555555555556
10 0.780390625 0.3213888888888889 0.006937500000000001 0.011375
2 0.38078124999999996 0.23727777777777778 0.0083359375 0.013180555555555556
0 0.3659609375 0.25943055555555555 0.007796875 0.013138888888888891
1 0.0643671875 0.6978333333333333 0.0107890625 0.018708333333333334
5 0.5153671875 0.5874722222222223 0.008179687500000001 0.014541666666666668
6 0.290546875 0.3715277777777778 0.009273437499999999 0.01648611111111111
7 0.18403125 0.5261111111111111 0.01128125 0.01588888888888889
15 0.86328125 0.8861111111111111 0.046875 0.041666666666666664
11 0.6218671875 0.8146944444444445 0.007609375 0.012333333333333335