13 0.1828125 0.4444444444444444 0.075 0.22777777777777777
13 0.303125 0.29444444444444445 0.0921875 0.20555555555555555
13 0.2734375 0.45555555555555555 0.08125 0.19444444444444445
13 0.44375 0.6 0.078125 0.25555555555555554
13 0.378125 0.8027777777777778 0.078125 0.26944444444444443
14 0.6125 0.4444444444444444 0.065625 0.22777777777777777
14 0.271875 0.5555555555555556 0.096875 0.2611111111111111
14 0.81875 0.37777777777777777 0.0609375 0.2388888888888889
14 0.528125 0.7944444444444444 0.1046875 0.26666666666666666
12 0.428125 0.8833333333333333 0.0859375 0.22777777777777777
12 0.1328125 0.28055555555555556 0.0828125 0.20277777777777778
15 0.8625 0.8805555555555555 0.04375 0.041666666666666664
8 0.9546875 0.3333333333333333 0.0171875 0.030555555555555555
10 0.5890625 0.3055555555555556 0.0203125 0.025
4 0.3484375 0.46944444444444444 0.0203125 0.027777777777777776
4 0.259375 0.6777777777777778 0.021875 0.030555555555555555
2 0.078125 0.24722222222222223 0.015625 0.025
0 0.0578125 0.28055555555555556 0.015625 0.027777777777777776