13 0.7484375 0.2916666666666667 0.0453125 0.17222222222222222
13 0.65625 0.6388888888888888 0.05 0.22777777777777777
13 0.621875 0.5944444444444444 0.0671875 0.18055555555555555
13 0.528125 0.44166666666666665 0.053125 0.225
13 0.490625 0.18055555555555555 0.040625 0.16944444444444445
14 0.4375 0.25277777777777777 0.0328125 0.18055555555555555
14 0.44375 0.5777777777777777 0.053125 0.2222222222222222
14 0.51875 0.3388888888888889 0.065625 0.20277777777777778
14 0.5828125 0.44722222222222224 0.0640625 0.20555555555555555
14 0.6078125 0.5472222222222223 0.0453125 0.17222222222222222
12 0.6859375 0.7555555555555555 0.059375 0.24722222222222223
12 0.065625 0.5166666666666667 0.053125 0.21388888888888888
12 0.65625 0.2 0.03125 0.15555555555555556
10 0.7890625 0.29444444444444445 0.0140625 0.027777777777777776
2 0.38125 0.2361111111111111 0.0171875 0.022222222222222223
0 0.3671875 0.25555555555555554 0.0125 0.019444444444444445
1 0.065625 0.7 0.0140625 0.030555555555555555
5 0.5140625 0.5861111111111111 0.0171875 0.030555555555555555
6 0.2921875 0.37222222222222223 0.0171875 0.030555555555555555
7 0.184375 0.525 0.015625 0.022222222222222223
15 0.8625 0.8861111111111111 0.046875 0.041666666666666664