14 0.1046875 0.6784741144414169 0.0546875 0.2724795640326976
14 0.4 0.5449591280653951 0.046875 0.23978201634877383
14 0.4375 0.18256130790190736 0.04375 0.1771117166212534
14 0.7640625 0.2452316076294278 0.0390625 0.1771117166212534
14 0.9046875 0.5340599455040872 0.0859375 0.20435967302452315
13 0.7921875 0.5013623978201635 0.0546875 0.2125340599455041
13 0.35625 0.4986376021798365 0.04375 0.21798365122615804
13 0.621875 0.5776566757493188 0.046875 0.22615803814713897
13 0.73125 0.33787465940054495 0.0390625 0.18528610354223432
13 0.415625 0.2670299727520436 0.034375 0.2098092643051771
15 0.8671875 0.8910081743869209 0.0484375 0.03814713896457766
12 0.25 0.24795640326975477 0.034375 0.1880108991825613
12 0.4015625 0.7983651226158038 0.046875 0.23978201634877383
12 0.9625 0.23705722070844687 0.0421875 0.1989100817438692
5 0.546875 0.6457765667574932 0.01875 0.021798365122615803
4 0.6296875 0.45231607629427795 0.015625 0.01634877384196185
6 0.165625 0.5722070844686649 0.015625 0.01907356948228883
7 0.2890625 0.3923705722070845 0.0109375 0.008174386920980926
11 0.8640625 0.30517711171662126 0.0140625 0.013623978201634877
1 0.378125 0.26430517711171664 0.009375 0.010899182561307902
3 0.39375 0.23705722070844687 0.0109375 0.013623978201634877
0 0.0234375 0.7683923705722071 0.0140625 0.010899182561307902