14 0.10523687580025608 0.6758129175946548 0.05521766965428937 0.2742204899777283
14 0.39973111395646604 0.5435746102449889 0.047215108834827144 0.24081291759465479
14 0.43814340588988476 0.18305122494432072 0.04401408450704225 0.17678173719376392
14 0.7646478873239437 0.24429844097995546 0.03921254801536492 0.17678173719376392
14 0.9050896286811779 0.5317371937639198 0.08642765685019206 0.20601336302895323
13 0.7918565941101153 0.4997216035634744 0.05521766965428937 0.2143652561247216
13 0.35611395646606914 0.4976391982182628 0.04481434058898848 0.2185412026726058
13 0.6225992317541613 0.5769821826280623 0.04801536491677337 0.22689309576837416
13 0.7314340588988476 0.33825167037861914 0.04001280409731114 0.18652561247216035
13 0.4149359795134443 0.26657015590200445 0.03441101152368758 0.21018930957683743
15 0.8666773367477593 0.8880846325167038 0.04961587708066581 0.03897550111358575
12 0.2496798975672215 0.24847438752783965 0.035211267605633804 0.1879175946547884
12 0.4009282970550576 0.7969153674832962 0.04801536491677337 0.24081291759465479
12 0.962708066581306 0.2359465478841871 0.04321382842509603 0.1990534521158129
5 0.5457298335467349 0.6424721603563475 0.00882202304737516 0.01396436525612472
4 0.6302688860435339 0.4530289532293987 0.008911651728553138 0.013685968819599109
6 0.16547375160051217 0.5691759465478842 0.007887323943661971 0.01396436525612472
7 0.28964788732394364 0.39020044543429844 0.007535211267605634 0.010267260579064588
10 0.8563252240717029 0.33639198218262806 0.007099871959026889 0.009142538975501114
1 0.37720230473751604 0.263173719376392 0.007067861715749039 0.01200445434298441
3 0.3943533930857875 0.237728285077951 0.007387964148527528 0.011937639198218263
0 0.022810499359795136 0.7692204899777283 0.010966709346991036 0.015601336302895322
11 0.6661139564660692 0.9072160356347438 0.006389244558258643 0.013028953229398663