13 0.7359375 0.3611111111111111 0.0546875 0.21666666666666667
13 0.9421875 0.5805555555555556 0.075 0.2388888888888889
13 0.6078125 0.7083333333333334 0.065625 0.25833333333333336
13 0.190625 0.7416666666666667 0.0625 0.24166666666666667
13 0.55 0.33055555555555555 0.0484375 0.11944444444444445
14 0.596875 0.33055555555555555 0.0609375 0.14444444444444443
14 0.515625 0.37222222222222223 0.0953125 0.19444444444444445
14 0.6875 0.5111111111111111 0.0765625 0.2361111111111111
14 0.553125 0.5611111111111111 0.046875 0.225
14 0.384375 0.5361111111111111 0.059375 0.21666666666666667
12 0.496875 0.8305555555555556 0.053125 0.23333333333333334
12 0.3640625 0.2833333333333333 0.0265625 0.16111111111111112
15 0.8640625 0.8833333333333333 0.0515625 0.04722222222222222
10 0.8625 0.37777777777777777 0.0234375 0.03888888888888889
2 0.425 0.3138888888888889 0.0171875 0.025
1 0.0921875 0.7944444444444444 0.0203125 0.027777777777777776
0 0.409375 0.3333333333333333 0.01875 0.022222222222222223
4 0.640625 0.5111111111111111 0.0265625 0.030555555555555555
5 0.559375 0.6833333333333333 0.021875 0.03888888888888889
6 0.33125 0.45555555555555555 0.01875 0.027777777777777776
7 0.215625 0.6138888888888889 0.01875 0.030555555555555555
11 0.659375 0.9819444444444444 0.025 0.03611111111111111