13 0.046875 0.2722222222222222 0.071875 0.18055555555555555
13 0.246875 0.2222222222222222 0.0359375 0.18333333333333332
13 0.2515625 0.5194444444444445 0.0671875 0.2222222222222222
13 0.4421875 0.55 0.06875 0.21666666666666667
13 0.6609375 0.15833333333333333 0.0453125 0.1638888888888889
14 0.4078125 0.4638888888888889 0.0765625 0.19444444444444445
14 0.440625 0.3611111111111111 0.0390625 0.17777777777777778
14 0.5390625 0.5611111111111111 0.06875 0.22777777777777777
14 0.5875 0.29444444444444445 0.0390625 0.19444444444444445
14 0.64375 0.23333333333333334 0.040625 0.19166666666666668
12 0.70625 0.7055555555555556 0.0609375 0.22777777777777777
12 0.090625 0.18611111111111112 0.0296875 0.17777777777777778
9 0.203125 0.2388888888888889 0.0171875 0.030555555555555555
4 0.7359375 0.5388888888888889 0.0234375 0.030555555555555555
5 0.678125 0.36666666666666664 0.0171875 0.025
1 0.93125 0.21666666666666667 0.01875 0.03333333333333333
3 0.91875 0.18888888888888888 0.01875 0.030555555555555555
11 0.4921875 0.2222222222222222 0.0171875 0.030555555555555555
15 0.865625 0.8833333333333333 0.046875 0.044444444444444446