13 0.29375 0.25277777777777777 0.034375 0.19166666666666668
13 0.125 0.5388888888888889 0.0703125 0.16944444444444445
13 0.4078125 0.6416666666666667 0.05 0.24444444444444444
13 0.771875 0.5888888888888889 0.0859375 0.21666666666666667
13 0.440625 0.19722222222222222 0.071875 0.1638888888888889
14 0.278125 0.4888888888888889 0.0546875 0.19166666666666668
14 0.3859375 0.33611111111111114 0.0328125 0.18333333333333332
14 0.5125 0.30277777777777776 0.053125 0.18888888888888888
14 0.4421875 0.5722222222222222 0.0453125 0.2222222222222222
14 0.59375 0.49166666666666664 0.04375 0.20555555555555555
12 0.1578125 0.7694444444444445 0.053125 0.2388888888888889
12 0.3546875 0.20277777777777778 0.0359375 0.16111111111111112
12 0.921875 0.4888888888888889 0.028125 0.21388888888888888
15 0.865625 0.8833333333333333 0.046875 0.044444444444444446
3 0.634375 0.24722222222222223 0.0125 0.025
1 0.6453125 0.2722222222222222 0.01875 0.025
11 0.221875 0.2972222222222222 0.0140625 0.022222222222222223
4 0.475 0.6055555555555555 0.0265625 0.03333333333333333
5 0.415625 0.43333333333333335 0.0203125 0.025
6 0.8109375 0.55 0.021875 0.027777777777777776
7 0.715625 0.38333333333333336 0.0234375 0.03888888888888889