13 0.046875 0.2708333333333333 0.071875 0.18055555555555555
13 0.247265625 0.2222222222222222 0.03671875 0.18333333333333332
13 0.251953125 0.5201388888888889 0.06796875 0.22361111111111112
13 0.4421875 0.5493055555555556 0.06875 0.21805555555555556
13 0.661328125 0.15833333333333333 0.04609375 0.1638888888888889
14 0.407421875 0.4638888888888889 0.07734375 0.19444444444444445
14 0.440625 0.36180555555555555 0.0390625 0.17916666666666667
14 0.538671875 0.5597222222222222 0.06953125 0.22777777777777777
14 0.58671875 0.29444444444444445 0.0390625 0.19444444444444445
14 0.64296875 0.23194444444444445 0.040625 0.19166666666666668
12 0.70703125 0.7069444444444445 0.0609375 0.22777777777777777
12 0.08984375 0.18541666666666667 0.0296875 0.17916666666666667
9 0.2026953125 0.2420972222222222 0.01225 0.021916666666666664
4 0.7343046875 0.54325 0.008578125 0.015875
5 0.6778984375 0.3682916666666667 0.00865625 0.01513888888888889
1 0.93246875 0.21431944444444445 0.0094375 0.014902777777777779
3 0.919109375 0.191 0.0094375 0.016319444444444445
11 0.4968828125 0.2497777777777778 0.0095 0.015125000000000001
15 0.865625 0.8833333333333333 0.046875 0.044444444444444446
10 0.60665625 0.7587916666666668 0.006921874999999999 0.011388888888888888