13 0.7359375 0.3625 0.0546875 0.21666666666666667
13 0.941796875 0.58125 0.07578125 0.24027777777777778
13 0.607421875 0.7076388888888889 0.06640625 0.25972222222222224
13 0.18984375 0.7423611111111111 0.0625 0.24305555555555555
13 0.54921875 0.3298611111111111 0.0484375 0.12083333333333333
14 0.596484375 0.3298611111111111 0.06171875 0.14583333333333334
14 0.51484375 0.3729166666666667 0.0953125 0.19583333333333333
14 0.687890625 0.5097222222222222 0.07734375 0.2361111111111111
14 0.553515625 0.5625 0.04765625 0.225
14 0.38515625 0.5361111111111111 0.059375 0.21666666666666667
12 0.497265625 0.8305555555555556 0.05390625 0.23333333333333334
12 0.363671875 0.2833333333333333 0.02734375 0.16111111111111112
15 0.8640625 0.8847222222222222 0.0515625 0.04722222222222222
2 0.424453125 0.3112638888888889 0.008968750000000001 0.014805555555555556
1 0.091640625 0.791263888888889 0.012718750000000001 0.017583333333333333
0 0.40960937499999994 0.3336111111111111 0.012390624999999999 0.015055555555555555
4 0.64140625 0.5086805555555556 0.0108671875 0.018875
5 0.5631953125 0.6836805555555555 0.0118671875 0.018847222222222224
6 0.327828125 0.4500416666666666 0.010374999999999999 0.017847222222222223
7 0.21725781249999998 0.6122361111111111 0.0114609375 0.015111111111111112
11 0.659765625 0.9819444444444444 0.02578125 0.03611111111111111
11 0.67596875 0.930138888888889 0.0118046875 0.018152777777777778
10 0.8515390625 0.40305555555555556 0.008968750000000001 0.014486111111111111