14 0.29296875 0.25277777777777777 0.034375 0.19166666666666668
14 0.124609375 0.5375 0.07109375 0.16944444444444445
14 0.4078125 0.6416666666666667 0.05 0.24444444444444444
14 0.771484375 0.5875 0.08671875 0.21666666666666667
14 0.441015625 0.19791666666666666 0.07265625 0.16527777777777777
13 0.278515625 0.4888888888888889 0.05546875 0.19166666666666668
13 0.386328125 0.3368055555555556 0.03359375 0.18472222222222223
13 0.5125 0.30277777777777776 0.053125 0.18888888888888888
13 0.441796875 0.5729166666666666 0.04609375 0.22361111111111112
13 0.593359375 0.4909722222222222 0.04453125 0.20694444444444443
12 0.157421875 0.76875 0.05390625 0.24027777777777778
12 0.355078125 0.20347222222222222 0.03671875 0.1625
12 0.92109375 0.4895833333333333 0.028125 0.2152777777777778
15 0.865234375 0.8847222222222222 0.04765625 0.044444444444444446
3 0.633515625 0.2486388888888889 0.0112421875 0.016541666666666666
1 0.6470625 0.2705138888888889 0.0095546875 0.01551388888888889
11 0.226296875 0.32269444444444445 0.0111171875 0.01676388888888889
4 0.4743203125 0.6017222222222223 0.011140625 0.018430555555555554
6 0.8125781249999999 0.5473750000000001 0.010640624999999999 0.016902777777777777
7 0.71528125 0.3867361111111111 0.0100625 0.017944444444444443
10 0.3510625 0.8295416666666666 0.008890625000000001 0.014666666666666668
5 0.41340625 0.43000000000000005 0.01134375 0.017527777777777778