13 0.846484375 0.46041666666666664 0.06484375 0.1875
13 0.456640625 0.6645833333333333 0.06796875 0.2263888888888889
13 0.270703125 0.19444444444444445 0.04296875 0.17222222222222222
13 0.202734375 0.2923611111111111 0.03203125 0.17916666666666667
13 0.4375 0.3506944444444444 0.053125 0.1625
14 0.64921875 0.43472222222222223 0.0421875 0.20833333333333334
14 0.4140625 0.38333333333333336 0.0609375 0.19722222222222222
14 0.341015625 0.5173611111111112 0.07734375 0.19583333333333333
14 0.244921875 0.21319444444444444 0.02421875 0.1736111111111111
14 0.197265625 0.3111111111111111 0.04296875 0.16944444444444445
12 0.136328125 0.2465277777777778 0.03046875 0.15694444444444444
12 0.254296875 0.6875 0.06953125 0.14444444444444443
12 0.984765625 0.26805555555555555 0.03046875 0.18055555555555555
6 0.01803125 0.5492638888888889 0.009335937499999999 0.01423611111111111
7 0.126515625 0.38823611111111106 0.0076875 0.012166666666666666
8 0.909015625 0.3219027777777778 0.0146484375 0.02459722222222222
10 0.6107421875 0.31983333333333336 0.00709375 0.010374999999999999
11 0.46470312500000005 0.8063611111111112 0.007078125 0.012763888888888889