13 0.8453125 0.3388888888888889 0.04375 0.175
13 0.825 0.48333333333333334 0.08125 0.18055555555555555
13 0.628125 0.41388888888888886 0.053125 0.21944444444444444
13 0.44375 0.6222222222222222 0.046875 0.2361111111111111
13 0.109375 0.65 0.040625 0.2361111111111111
14 0.225 0.5027777777777778 0.04375 0.20833333333333334
14 0.70625 0.35555555555555557 0.0421875 0.1638888888888889
14 0.765625 0.46944444444444444 0.0625 0.19166666666666668
14 0.60625 0.40555555555555556 0.0515625 0.18055555555555555
14 0.4140625 0.5555555555555556 0.046875 0.20277777777777778
12 0.3515625 0.7194444444444444 0.0484375 0.225
12 0.2203125 0.2388888888888889 0.034375 0.15
12 0.8609375 0.23333333333333334 0.0328125 0.1527777777777778
4 0.515625 0.425 0.0171875 0.041666666666666664
6 0.2171875 0.37777777777777777 0.015625 0.03611111111111111
7 0.1078125 0.5333333333333333 0.021875 0.030555555555555555
0 0.29375 0.2638888888888889 0.0125 0.025
2 0.309375 0.24166666666666667 0.01875 0.025
15 0.8640625 0.8833333333333333 0.05625 0.05277777777777778