13 0.846875 0.46111111111111114 0.0640625 0.18611111111111112
13 0.45625 0.6638888888888889 0.0671875 0.225
13 0.2703125 0.19444444444444445 0.0421875 0.17222222222222222
13 0.203125 0.2916666666666667 0.03125 0.17777777777777778
13 0.4375 0.35 0.053125 0.16111111111111112
14 0.65 0.43333333333333335 0.0421875 0.20833333333333334
14 0.4140625 0.38333333333333336 0.0609375 0.19722222222222222
14 0.340625 0.5166666666666667 0.0765625 0.19444444444444445
14 0.2453125 0.21388888888888888 0.0234375 0.17222222222222222
14 0.196875 0.3111111111111111 0.0421875 0.16944444444444445
12 0.1359375 0.24722222222222223 0.0296875 0.15555555555555556
12 0.2546875 0.6888888888888889 0.06875 0.14444444444444443
12 0.984375 0.26666666666666666 0.0296875 0.18055555555555555
6 0.01875 0.55 0.0140625 0.022222222222222223
7 0.128125 0.3888888888888889 0.0140625 0.025
8 0.909375 0.32222222222222224 0.0140625 0.022222222222222223
10 0.6171875 0.2972222222222222 0.015625 0.025
11 0.45 0.8583333333333333 0.015625 0.03611111111111111