13 0.844921875 0.33958333333333335 0.04453125 0.1763888888888889
13 0.825390625 0.4847222222222222 0.08203125 0.18055555555555555
13 0.62734375 0.41388888888888886 0.053125 0.21944444444444444
13 0.444140625 0.6215277777777778 0.04765625 0.2375
13 0.11015625 0.6493055555555556 0.040625 0.2375
14 0.224609375 0.5020833333333333 0.04453125 0.20972222222222223
14 0.705859375 0.35625 0.04296875 0.16527777777777777
14 0.765234375 0.4701388888888889 0.06328125 0.19305555555555556
14 0.60703125 0.40555555555555556 0.0515625 0.18055555555555555
14 0.414453125 0.5548611111111111 0.04765625 0.20416666666666666
12 0.351171875 0.7194444444444444 0.04921875 0.225
12 0.219921875 0.24027777777777778 0.03515625 0.15
12 0.861328125 0.23402777777777778 0.03359375 0.15416666666666667
4 0.5158750000000001 0.4262222222222222 0.0082578125 0.013972222222222223
6 0.21684375 0.3781805555555556 0.007609375 0.010861111111111111
7 0.108453125 0.5362638888888889 0.006859374999999999 0.011986111111111112
0 0.2932265625 0.26531944444444444 0.0073281250000000004 0.011569444444444445
2 0.30793750000000003 0.24379166666666666 0.0071640625 0.01213888888888889
15 0.863671875 0.8826388888888889 0.05703125 0.05416666666666667
11 0.5532109375 0.8150972222222223 0.0080390625 0.013930555555555555