13 0.1359375 0.6333333333333333 0.0859375 0.2111111111111111
13 0.2546875 0.49444444444444446 0.0640625 0.21388888888888888
13 0.3265625 0.33611111111111114 0.0859375 0.21388888888888888
13 0.446875 0.49444444444444446 0.0515625 0.17777777777777778
13 0.7453125 0.3 0.071875 0.2
14 0.328125 0.6555555555555556 0.1109375 0.21666666666666667
14 0.4140625 0.34444444444444444 0.0515625 0.20277777777777778
14 0.9234375 0.375 0.040625 0.2222222222222222
14 0.9328125 0.525 0.05 0.225
14 0.975 0.6138888888888889 0.05 0.2361111111111111
15 0.8640625 0.8888888888888888 0.040625 0.044444444444444446
12 0.021875 0.28888888888888886 0.04375 0.1527777777777778
8 0.709375 0.32222222222222224 0.021875 0.025
10 0.384375 0.3055555555555556 0.01875 0.027777777777777776
4 0.1625 0.4722222222222222 0.01875 0.03333333333333333
5 0.0828125 0.6722222222222223 0.0203125 0.027777777777777776