13 0.786328125 0.2763888888888889 0.05703125 0.18055555555555555
13 0.5390625 0.33402777777777776 0.0515625 0.20416666666666666
13 0.540625 0.5361111111111111 0.0546875 0.17777777777777778
13 0.248046875 0.7069444444444445 0.08828125 0.25833333333333336
13 0.292578125 0.43125 0.08046875 0.18194444444444444
14 0.71953125 0.44513888888888886 0.0609375 0.2375
14 0.201953125 0.47708333333333336 0.05703125 0.2263888888888889
14 0.386328125 0.6381944444444444 0.08359375 0.24305555555555555
14 0.59765625 0.5305555555555556 0.053125 0.225
14 0.520703125 0.2569444444444444 0.03828125 0.1361111111111111
12 0.019921875 0.25069444444444444 0.03984375 0.18472222222222223
12 0.978515625 0.8791666666666667 0.04296875 0.20555555555555555
15 0.865625 0.8847222222222222 0.053125 0.03888888888888889
4 0.1671875 0.46458333333333335 0.0140625 0.020833333333333332
5 0.080859375 0.6784722222222223 0.01953125 0.02638888888888889
10 0.396109375 0.3173611111111111 0.013835937500000001 0.015375
9 0.74765625 0.30625 0.01875 0.029166666666666667
11 0.2240859375 0.9352222222222223 0.014710937499999998 0.024736111111111108