13 0.25 0.48055555555555557 0.0609375 0.23333333333333334
13 0.09375 0.8472222222222222 0.1046875 0.2972222222222222
13 0.259375 0.30833333333333335 0.0890625 0.20833333333333334
13 0.665625 0.5638888888888889 0.0515625 0.2777777777777778
13 0.7109375 0.38333333333333336 0.0625 0.2361111111111111
14 0.8078125 0.46944444444444444 0.053125 0.20833333333333334
14 0.3828125 0.75 0.06875 0.2722222222222222
14 0.1890625 0.3111111111111111 0.0640625 0.23333333333333334
14 0.5015625 0.19166666666666668 0.08125 0.20277777777777778
12 0.6578125 0.19166666666666668 0.078125 0.18611111111111112
12 0.275 0.8722222222222222 0.1078125 0.23055555555555557
15 0.865625 0.8888888888888888 0.046875 0.05
4 0.878125 0.6555555555555556 0.0203125 0.03611111111111111
9 0.2421875 0.2777777777777778 0.021875 0.027777777777777776
11 0.5828125 0.2611111111111111 0.021875 0.03333333333333333
10 0.73125 0.9611111111111111 0.0296875 0.041666666666666664