13 0.250390625 0.4798611111111111 0.06171875 0.23472222222222222
13 0.09296875 0.8472222222222222 0.1046875 0.2972222222222222
13 0.259765625 0.30833333333333335 0.08984375 0.20833333333333334
13 0.665625 0.5645833333333333 0.0515625 0.2791666666666667
13 0.711328125 0.38263888888888886 0.06328125 0.2375
14 0.8078125 0.46944444444444444 0.053125 0.20833333333333334
14 0.383203125 0.7486111111111111 0.06953125 0.2722222222222222
14 0.189453125 0.3111111111111111 0.06484375 0.23333333333333334
14 0.5015625 0.19236111111111112 0.08125 0.20416666666666666
12 0.658203125 0.19166666666666668 0.07890625 0.18611111111111112
12 0.275 0.8722222222222222 0.1078125 0.23055555555555557
15 0.866015625 0.8881944444444444 0.04765625 0.05138888888888889
4 0.878515625 0.6501944444444444 0.012140624999999999 0.02073611111111111
11 0.59140625 0.2917638888888889 0.01340625 0.021472222222222222
10 0.72140625 0.9061388888888888 0.013578125 0.021847222222222223
9 0.2425703125 0.2781388888888889 0.017296875 0.021722222222222223