13 0.7859375 0.2777777777777778 0.05625 0.18055555555555555
13 0.5390625 0.3333333333333333 0.0515625 0.20277777777777778
13 0.540625 0.5361111111111111 0.0546875 0.17777777777777778
13 0.2484375 0.7055555555555556 0.0875 0.25833333333333336
13 0.2921875 0.4305555555555556 0.0796875 0.18055555555555555
14 0.71875 0.4444444444444444 0.0609375 0.2361111111111111
14 0.2015625 0.4777777777777778 0.05625 0.225
14 0.3859375 0.6388888888888888 0.0828125 0.24166666666666667
14 0.596875 0.5305555555555556 0.053125 0.225
14 0.5203125 0.25555555555555554 0.0375 0.1361111111111111
12 0.0203125 0.25 0.0390625 0.18333333333333332
12 0.978125 0.8777777777777778 0.0421875 0.20555555555555555
15 0.865625 0.8833333333333333 0.053125 0.03888888888888889
11 0.1671875 0.4638888888888889 0.0140625 0.019444444444444445
10 0.08125 0.6777777777777778 0.01875 0.025
11 0.40625 0.28888888888888886 0.0203125 0.016666666666666666
9 0.746875 0.3055555555555556 0.01875 0.027777777777777776