13 0.136328125 0.6326388888888889 0.08671875 0.2125
13 0.255078125 0.49583333333333335 0.06484375 0.21388888888888888
13 0.326953125 0.33541666666666664 0.08671875 0.2152777777777778
13 0.44765625 0.4930555555555556 0.0515625 0.17777777777777778
13 0.745703125 0.30069444444444443 0.07265625 0.2013888888888889
14 0.328125 0.6541666666666667 0.1109375 0.21666666666666667
14 0.413671875 0.34444444444444444 0.05234375 0.20277777777777778
14 0.923828125 0.375 0.04140625 0.2222222222222222
14 0.933203125 0.525 0.05078125 0.225
14 0.974609375 0.6145833333333334 0.05078125 0.2375
15 0.864453125 0.8881944444444444 0.04140625 0.04583333333333333
12 0.021875 0.2881944444444444 0.04375 0.15416666666666667
8 0.7091640625 0.3211527777777778 0.0156953125 0.021736111111111112
4 0.1635546875 0.4721388888888889 0.014351562500000001 0.022902777777777775
5 0.0813203125 0.6758472222222223 0.013765625 0.02330555555555556
10 0.377828125 0.3342777777777778 0.012148437500000001 0.020041666666666666